393791
393742
393719
393708
393695
393676
393612
393545
393508
393457
393451
393430
393428
393406
393395
393299
393266
393238
393225
393223
393220
327844
327775
327733
327693
264589
264564
264556
264472
264465
264448
264439
264424
264415
264409
264375
264362
264116
263703
263698
263674
263671
263665
263656
263655
263649
263646
263631
263629
263626
263616
263612
263596
263594
263585
263584
263579
263569
263546
263541
263536
263531
263500
263460
263450
263444
263443
263437
263434
263432
263423
263422
263391
263379
263373
263363
263327
263314
263311
263301
263297
263292
263264
263259
263164
263146
263140
263124
263120
263114
263099
263080
263075
263073
263072
263070
263064
263058
263057
263055
263047
263043
263038
263030
263019
263018
263011
263004
263003
263001
263000
262999
262997
262996
262989
262988
262962
262955
262949
262948
262914
262907
262906
262903
262900
262891
262872
262869
262868
262866
262865
262854
262851
262848
262847
262832
262822
262820
262814
262813
262808
262807
262806
262801
262798
262789
262788
262785
262781
262778
262773
262770
262769
262765
262761
262760
262756
262750
262748
262743
262740
262737
262733
262731
262725
262721
262720
262717
262711
262706
262699
262697
262696
262695
262689
262688
262687
262686
262683
262681
262676
262675
262669
262668
262665
262659
262643
262638
262633
262631
262605
262600
262599
262594
262593
262590
262589
262581
262566
262561
262560
262549
262544
262526
262509
262505
262503
262502
262497
262494
262493
262492
262488
262484
262482
262476
262474
262469
262468
262463
262462
262444
262440
262434
262429
262424
262421
262417
262405
262403
262401
262394
262391
262388
262378
262377
262375
262374
262369
262365
262355
262354
262353
262352
262342
262340
262333
262330
262318
262310
262301
262282
262274
262273
262254
262253
262248
262242
262237
262218
262215
262206
262202
262199
262195
262192
262186
262184
262182
262150
202203
202177
202056
202018
202010
201985
201984
201977
201935
201917
201865
201861
201801
201776
201706
201603
201540
201492
201456
201439
201427
201417
201382
201323
201251
201069
201054
201050
200912
200904
200187
200161
200155
200130
200107
200094
200093
200081
200020
200000
199995
199976
199974
199949
199860
199847
199793
199783
199758
199734
199728
199636
199635
199624
199599
199585
199578
199569
199565
199551
199530
199518
199508
199484
199422
199420
199393
199381
199364
199361
199330
199322
199320
199319
199244
199139
199129
199127
199105
199103
199081
199020
198988
198961
198935
198934
198908
198893
198851
198840
198826
198816
198785
198781
198720
198648
198610
198605
198602
198596
198569
198545
198541
198529
198517
198499
198477
198435
198432
198415
198385
198378
198354
198297
198295
198288
198279
198252
198229
198225
198224
198218
198171
198157
198070
198036
197999
197960
197922
197904
197893
197882
197826
197804
197790
197765
197764
197750
197744
197742
197731
197726
197686
197667
197640
197637
197636
197620
197617
197595
197588
197580
197578
197556
197541
197535
197524
197520
197502
197501
197453
197451
197426
197394
197377
197359
197343
197300
197298
197284
197267
197264
197253
197248
197235
197216
197212
197207
197204
197169
197158
197155
197145
197133
197118
197116
197099
197091
197078
197071
197068
197064
197043
197035
197017
197002
196957
196948
196936
196925
196914
196890
196881
196878
196874
196864
196863
196844
196832
196826
196807
196797
196776
196763
196753
196745
196742
196729
196714
196709
196705
196695
196691
196678
196675
196655
196638
133948
133941
133817
133814
133768
133757
133741
133731
133667
133656
133615
133611
133520
133507
133506
133505
133499
133469
133448
133444
133398
133380
133372
133339
133295
133268
133255
133232
133229
133219
133216
133196
133185
133170
133107
133084
133064
133062
133001
132918
132901
132899
132892
132884
132876
132863
132862
132839
132837
132789
132787
132761
132742
132692
132653
132651
132641
132630
132615
132602
132581
132579
132497
132490
132454
132442
132434
132422
132410
132405
132379
132347
132335
132280
132272
132267
132246
132228
132225
132220
132204
132203
132197
132167
132165
132145
132142
132132
132106
132080
132074
132070
132047
132045
132040
131896
131772
131755
131717
131713
131707
131706
131702
131583
131447
131414
131386
131349
131322
131310
131303
131284
131274
131210
131178
131165
131127
65535
65534
65533
65530
65525
65512
65511
65507
65506
65501
65500
65442
65403
65300
65152
65128
65115
65114
65109
65104
65100
65099
65020
65009
65005
65004
65001
65000
64758
64752
64750
64687
64628
64612
64610
64601
64600
64567
64559
64534
64516
64512
64401
63956
63928
63915
63912
63855
63516
63502
63494
63431
63178
63152
63013
63010
63008
62969
62958
62956
62955
62947
62943
62929
62917
62874
62833
62825
62807
62784
62754
62734
62668
62639
62638
62600
62588
62567
62523
62489
62488
62471
62466
62423
62421
62415
62407
62406
62402
62387
62365
62314
62300
62292
62282
62240
62212
62206
62189
62183
62178
62136
62088
62081
62067
62047
62028
62026
62007
61996
61971
61955
61950
61949
61929
61928
61919
61917
61909
61889
61878
61848
61844
61813
61776
61763
61758
61666
61657
61570
61568
61480
61472
61454
61417
61400
61398
61382
61372
61349
61337
61297
61287
61233
61231
61223
61211
61200
61190
61180
61170
61163
61146
61130
61121
61078
61070
61059
61056
61048
61045
61034
61031
61030
61029
61010
60929
60926
60917
60899
60890
60884
60879
60859
60801
60777
60775
60771
60764
60725
60717
60703
60641
60610
60600
60587
60563
60497
60496
60471
60456
60447
60409
60388
60384
60341
60330
60300
60299
60294
60280
60268
60252
60241
60212
60203
60191
60187
60171
60169
60168
60158
60144
60140
60139
60137
60118
60078
60052
60039
60033
60018
60015
60009
59984
59950
59905
59901
59900
59876
59865
59856
59808
59761
59753
59752
59742
59720
59701
59699
59689
59682
59653
59627
59622
59620
59605
59595
59590
59587
59583
59581
59562
59554
59547
59542
59527
59519
59516
59515
59514
59508
59507
59497
59481
59469
59460
59455
59444
59441
59380
59370
59337
59322
59318
59268
59249
59237
59148
59058
58960
58945
58940
58923
58914
58913
58910
58889
58882
58879
58825
58815
58803
58791
58782
58779
58725
58717
58715
58704
58701
58699
58691
58689
58688
58682
58678
58672
58668
58666
58656
58654
58640
58629
58621
58620
58601
58599
58598
58587
58577
58552
58514
58511
58507
58486
58482
58477
58474
58473
58470
58466
58464
58463
58461
58453
58443
58439
58436
58430
58408
58396
58392
58389
58381
58321
58314
58310
58307
58303
58291
58273
58256
58243
58224
58209
58206
58173
58167
58127
58085
58070
58067
58055
58010
58002
57982
57973
57948
57944
57918
57888
57882
57879
57873
57866
57864
57858
57853
57843
57807
57800
57798
57795
57782
57771
57766
57731
57723
57707
57704
57681
57662
57627
57619
57608
57596
57588
57571
57567
57554
57543
57534
57524
57516
57501
57494
57487
57474
57470
57463
57451
57433
57427
57420
57397
57394
57388
57384
57371
57355
57344
57324
57290
57285
57262
57261
57259
57256
57246
57239
57235
57227
57218
57217
57208
57207
57193
57187
57174
57172
57136
57129
57128
57120
57119
57118
57102
57096
57091
57087
57085
57084
57055
57049
57045
57023
57011
56971
56949
56926
56910
56857
56844
56833
56799
56784
56762
56761
56755
56740
56737
56707
56704
56702
56689
56681
56672
56665
56656
56634
56628
56627
56611
56595
56582
56538
56534
56523
56514
56511
56503
56484
56477
56468
56466
56462
56447
56430
56403
56402
56394
56391
56385
56360
56350
56309
56308
56264
56261
56260
56258
56257
56252
56251
56247
56246
56218
56186
56169
56156
56149
56133
56132
56111
56088
56079
56048
56042
56040
56038
56030
55953
55945
55943
55915
55879
55865
55850
55836
55828
55824
55821
55818
55805
55803
55794
55772
55766
55761
55740
55720
55713
55707
55690
55685
55670
55667
55666
55665
55663
55658
55653
55649
55644
55581
55577
55561
55554
55548
55536
55532
55526
55515
55508
55465
55441
55427
55423
55410
55405
55395
55391
55383
55361
55355
55353
55352
55351
55350
55330
55329
55314
55309
55264
55236
55229
55199
55183
55176
55140
55130
55095
55076
55073
55002
54972
54945
54929
54924
54841
54815
54782
54756
54720
54705
54700
54682
54676
54652
54648
54646
54607
54600
54596
54578
54543
54540
54527
54523
54519
54489
54473
54412
54376
54329
54328
54312
54309
54308
54301
54276
54240
54234
54225
54182
54155
54154
54098
54054
54048
54044
54034
54020
54002
53999
53989
53959
53927
53907
53904
53828
53817
53786
53767
53727
53703
53698
53692
53690
53610
53597
53581
53497
53488
53486
53480
53471
53451
53439
53435
53409
53400
53388
53364
53348
53340
53332
53301
53292
53264
53258
53246
53242
53238
53237
53230
53225
53224
53211
53209
53202
53199
53191
53185
53184
53182
53181
53180
53179
53174
53171
53169
53167
53163
53162
53158
53153
53152
53149
53145
53144
53143
53138
53137
53133
53132
53131
53125
53118
53115
53112
53110
53087
53080
53078
53076
53075
53071
53070
53062
53061
53059
53055
53054
53053
53048
53047
53038
53037
53025
53023
53022
53018
53015
52999
52995
52993
52988
52982
52981
52979
52976
52974
52973
52971
52967
52965
52962
52960
52956
52950
52941
52940
52937
52935
52928
52925
52924
52909
52901
52892
52880
52873
52872
52871
52866
52864
52859
52858
52856
52851
52850
52840
52836
52824
52794
52787
52783
52777
52771
52770
52768
52762
52758
52752
52747
52739
52730
52721
52720
52700
52696
52689
52678
52668
52662
52661
52660
52640
52610
52604
52596
52592
52590
52588
52579
52573
52559
52554
52547
52532
52470
52468
52465
52457
52444
52389
52376
52361
52344
52327
52323
52320
52308
52302
52286
52280
52276
52263
52262
52260
52251
52245
52233
52229
52228
52213
52201
52173
52153
52142
52116
52112
52110
52099
52080
52075
52073
52064
52048
52041
52036
51999
51964
51960
51958
51957
51947
51945
51944
51942
51939
51930
51929
51910
51904
51903
51892
51884
51875
51827
51815
51813
51810
51765
51764
51762
51754
51744
51728
51708
51705
51691
51674
51665
51653
51646
51619
51611
51606
51587
51580
51577
51555
51551
51547
51543
51528
51497
51490
51484
51483
51474
51468
51461
51440
51431
51430
51426
51408
51407
51406
51405
51400
51399
51395
51380
51375
51373
51363
51346
51343
51329
51310
51290
51288
51273
51230
51190
51188
51186
51184
51178
51172
51167
51155
51154
51110
51088
51074
51069
51054
51048
51034
51032
51028
51011
51007
51003
51002
50993
50989
50968
50956
50952
50949
50928
50923
50920
50891
50884
50882
50864
50856
50837
50821
50810
50771
50767
50765
50763
50710
50683
50677
50673
50670
50655
50647
50643
50629
50628
50620
50618
50613
50607
50606
50597
50591
50581
50569
50567
50562
50561
50554
50549
50507
50503
50482
50481
50477
50473
50472
50468
50466
50463
50459
50448
50446
50434
50398
50392
50384
50362
50360
50337
50331
50316
50315
50310
50304
50300
50292
50266
50265
50261
50258
50245
50244
50241
50231
50188
50187
50173
50171
50168
50158
50156
50153
50146
50139
50130
50128
50118
50115
50113
50091
50088
50084
50083
50056
50045
50035
50027
50023
50020
50010
50009
49981
49964
49963
49962
49957
49934
49931
49925
49909
49902
49897
49895
49893
49889
49883
49866
49835
49831
49821
49808
49800
49792
49791
49788
49785
49774
49749
49743
49715
49689
49687
49685
49677
49641
49634
49620
49609
49608
49605
49594
49588
49583
49572
49571
49558
49550
49544
49542
49528
49508
49507
49505
49502
49488
49485
49461
49458
49457
49413
49403
49401
49377
49375
49373
49371
49367
49362
49360
49352
49350
49349
49342
49335
49327
49309
49301
49289
49282
49242
49231
49223
49204
49185
49183
49160
49151
49140
49131
49125
49120
49115
49109
49103
49102
49101
49079
49074
49070
49064
49063
49060
49058
49029
49025
49023
49019
48971
48964
48961
48957
48956
48951
48950
48948
48943
48940
48926
48924
48919
48918
48915
48910
48889
48885
48882
48880
48861
48858
48854
48842
48832
48828
48823
48822
48815
48803
48781
48757
48756
48738
48719
48716
48708
48695
48692
48683
48658
48654
48648
48642
48641
48635
48614
48612
48575
48573
48571
48570
48569
48559
48555
48539
48538
48533
48519
48485
48484
48483
48479
48467
48464
48457
48453
48452
48445
48438
48434
48427
48424
48417
48416
48408
48371
48370
48362
48361
48354
48347
48339
48331
48326
48323
48315
48309
48296
48294
48293
48289
48288
48287
48284
48278
48275
48268
48252
48249
48243
48239
48237
48230
48229
48223
48212
48204
48200
48176
48173
48172
48166
48161
48159
48148
48129
48124
48123
48115
48112
48108
48106
48098
48096
48092
48089
48076
48067
48061
48057
48056
48052
48044
48043
48039
48037
48004
48000
47995
47989
47961
47949
47927
47902
47895
47894
47887
47886
47883
47881
47872
47869
47862
47843
47837
47814
47809
47796
47794
47777
47775
47773
47764
47748
47742
47724
47720
47713
47702
47698
47696
47694
47692
47684
47680
47656
47645
47637
47624
47623
47608
47605
47602
47598
47594
47586
47570
47569
47562
47544
47541
47537
47535
47531
47522
47517
47513
47506
47502
47480
47478
47474
47463
47451
47447
47441
47440
47439
47438
47395
47394
47381
47379
47377
47370
47350
47329
47328
47321
47293
47273
47271
47264
47253
47249
47245
47242
47241
47236
47232
47223
47218
47215
47207
47205
47203
47196
47193
47176
47169
47165
47159
47148
47147
47143
47141
47123
47118
47117
47116
47111
47105
47104
47096
47095
47065
47027
47020
47018
47009
46989
46957
46935
46929
46926
46887
46873
46861
46860
46849
46841
46832
46786
46785
46781
46764
46749
46746
46725
46719
46717
46707
46699
46691
46687
46664
46650
46636
46632
46627
46609
46601
46595
46588
46562
46515
46502
46491
46454
46449
46446
46435
46404
46392
46375
46366
46354
46353
46309
46276
46261
46231
46215
46208
46198
46195
46193
46093
46064
46062
46053
46043
46031
46015
45991
45960
45953
45932
45922
45916
45903
45899
45898
45896
45854
45846
45845
45841
45838
45825
45820
45815
45796
45786
45769
45763
45762
45758
45750
45735
45729
45725
45699
45680
45671
45669
45668
45667
45650
45642
45630
45629
45599
45595
45588
45587
45582
45572
45558
45552
45543
45538
45536
45528
45514
45513
45510
45495
45474
45470
45458
45455
45437
45430
45425
45414
45413
45411
45400
45352
45349
45346
45335
45334
45328
45312
45309
45305
45302
45300
45298
45296
45294
45287
45280
45274
45267
45265
45253
45250
45237
45230
45224
45215
45204
45195
45194
45179
45177
45170
45166
45158
45157
45147
45146
45142
45117
45046
45037
45035
45029
45025
45015
45014
45013
45010
44988
44980
44972
44964
44963
44953
44943
44942
44941
44924
44919
44914
44913
44902
44896
44895
44894
44890
44889
44882
44843
44838
44826
44814
44787
44775
44764
44750
44739
44735
44733
44715
44700
44686
44684
44682
44678
44677
44668
44655
44654
44647
44629
44611
44605
44604
44600
44587
44581
44579
44574
44552
44530
44522
44514
44512
44507
44494
44468
44444
44436
44412
44395
44391
44387
44383
44381
44375
44356
44345
44327
44302
44286
44285
44281
44267
44266
44265
44257
44237
44217
44196
44185
44160
44158
44143
44141
44124
44096
44078
44066
44056
44053
44050
44033
44030
44027
44022
44020
44009
43999
43998
43994
43975
43973
43966
43957
43950
43948
43940
43939
43925
43911
43892
43882
43852
43843
43833
43832
43826
43814
43802
43797
43782
43769
43764
43762
43758
43754
43751
43733
43727
43720
43714
43712
43711
43700
43687
43670
43668
43666
43659
43658
43647
43646
43623
43620
43612
43586
43583
43578
43576
43567
43561
43559
43555
43554
43550
43545
43542
43541
43539
43538
43537
43531
43513
43496
43443
43439
43438
43435
43418
43405
43404
43391
43376
43366
43356
43350
43343
43338
43334
43333
43320
43314
43310
43293
43289
43287
43284
43268
43267
43266
43265
43260
43244
43226
43213
43209
43205
43203
43197
43192
43179
43172
43171
43157
43153
43152
43150
43148
43146
43144
43142
43139
43130
43112
43110
43109
43106
43100
43097
43082
43073
43070
43067
43061
43046
43045
43031
43022
42981
42979
42973
42965
42957
42947
42927
42926
42918
42912
42910
42896
42892
42883
42880
42877
42861
42852
42845
42841
42832
42831
42812
42806
42800
42794
42787
42786
42781
42773
42772
42765
42763
42755
42754
42753
42742
42739
42723
42708
42705
42699
42695
42673
42667
42656
42655
42652
42637
42632
42613
42610
42596
42590
42583
42579
42575
42574
42571
42568
42564
42560
42555
42549
42548
42546
42532
42525
42518
42516
42514
42510
42504
42490
42484
42480
42478
42477
42473
42466
42459
42456
42432
42430
42429
42425
42403
42396
42395
42362
42358
42353
42352
42346
42339
42337
42335
42318
42313
42310
42306
42303
42298
42291
42277
42245
42235
42232
42227
42210
42187
42186
42184
42177
42163
42160
42152
42148
42132
42126
42109
42104
42102
42090
42084
42081
42049
42044
42040
42038
42031
42020
42014
42010
42005
42000
41998
41997
41976
41967
41966
41965
41960
41958
41943
41938
41937
41931
41929
41925
41920
41913
41904
41900
41898
41897
41887
41883
41881
41877
41871
41867
41854
41852
41849
41847
41842
41828
41824
41822
41820
41811
41802
41798
41794
41789
41770
41765
41750
41749
41733
41722
41710
41709
41704
41692
41691
41689
41678
41659
41653
41639
41622
41606
41601
41600
41599
41596
41589
41572
41571
41562
41556
41554
41552
41540
41508
41496
41495
41476
41475
41457
41454
41453
41440
41435
41431
41427
41426
41421
41412
41401
41399
41397
41390
41371
41369
41364
41363
41360
41340
41336
41329
41313
41307
41302
41293
41288
41285
41281
41268
41230
41221
41209
41190
41176
41175
41168
41165
41164
41161
41157
41152
41151
41148
41142
41134
41107
41095
41075
41066
41038
41034
41024
41023
41011
41008
41006
40975
40948
40941
40913
40911
40824
40805
40784
40762
40715
40702
40676
40653
40633
40581
40579
40528
40511
40498
40475
40473
40457
40440
40430
40414
40412
40395
40393
40387
40383
40375
40341
40328
40317
40304
40300
40285
40284
40281
40260
40237
40224
40220
40193
40191
40189
40151
40128
40111
40076
40068
40065
40061
40059
40028
40015
39964
39944
39939
39931
39928
39923
39912
39906
39904
39900
39878
39869
39861
39852
39839
39837
39835
39832
39824
39822
39821
39817
39816
39811
39792
39791
39785
39783
39781
39775
39765
39762
39760
39756
39743
39737
39728
39710
39704
39702
39701
39685
39669
39668
39651
39648
39647
39642
39637
39636
39626
39616
39613
39612
39611
39608
39605
39603
39591
39582
39574
39572
39569
39555
39551
39545
39543
39537
39529
39526
39506
39505
39501
39493
39480
39473
39470
39458
39451
39444
39442
39440
39434
39432
39405
39401
39399
39396
39392
39386
39375
39356
39347
39326
39318
39310
39309
39301
39299
39295
39293
39290
39289
39288
39279
39273
39271
39264
39257
39251
39242
39232
39228
39216
39211
39205
39199
39197
39193
39184
39180
39179
39168
39167
39156
39153
39151
39145
39138
39134
39133
39125
39122
39121
39120
39115
39107
39103
39102
39097
39087
39074
39056
39049
39046
39045
39040
39032
39020
39015
39011
39010
38987
38976
38964
38961
38949
38934
38932
38930
38924
38922
38917
38913
38888
38883
38880
38861
38858
38835
38826
38809
38794
38790
38778
38773
38771
38768
38759
38757
38753
38740
38731
38726
38713
38712
38710
38661
38640
38639
38623
38621
38616
38611
38592
38566
38565
38561
38544
38529
38527
38525
38516
38511
38506
38505
38503
38500
38499
38496
38477
38462
38456
38340
38333
38322
38307
38289
38288
38285
38283
38278
38266
38264
38248
38235
38229
38220
38209
38203
38202
38199
38197
38195
38193
38182
38176
38172
38165
38158
38154
38149
38148
38146
38097
38095
38091
38082
38081
38071
38040
38026
38022
38001
37996
37978
37963
37930
37906
37693
37678
37672
37662
37637
37619
37613
37612
37577
37571
37545
37540
37529
37521
37497
37483
37475
37468
37463
37457
37451
37395
37376
37353
37347
37336
37314
37309
37308
37284
37282
37280
37276
37273
37271
37255
37254
37253
37248
37238
37233
37228
37219
37214
37213
37209
37204
37187
37184
37183
37182
37179
37153
37149
37148
37140
37137
37133
37125
37119
37110
37105
37101
37100
37090
37088
37084
37076
37075
37063
37061
37057
37054
37053
37045
37037
37035
37028
37027
37018
37013
37012
36994
36992
36991
36977
36974
36971
36965
36961
36959
36958
36956
36953
36952
36947
36944
36943
36937
36932
36930
36928
36925
36923
36917
36916
36914
36912
36907
36887
36881
36874
36873
36868
36866
36846
36843
36841
36820
36786
36734
36732
36728
36696
36687
36683
36678
36645
36632
36628
36626
36625
36624
36623
36619
36618
36617
36585
36563
36498
36493
36483
36471
36436
36423
36416
36412
36408
36394
36383
36377
36374
36352
36351
36327
36326
36324
36295
36280
36253
36236
36222
36219
36215
36188
36171
36149
36144
36103
36086
36049
36031
36030
36025
36024
36012
36003
35994
35993
35986
35985
35962
35953
35937
35916
35908
35899
35891
35847
35843
35838
35819
35816
35815
35810
35805
35804
35795
35788
35776
35768
35753
35745
35742
35737
35725
35706
35701
35699
35686
35670
35662
35654
35645
35641
35638
35631
35625
35617
35614
35612
35601
35598
35592
35584
35575
35574
35571
35568
35567
35566
35558
35549
35548
35539
35531
35526
35524
35518
35516
35512
35511
35491
35467
35457
35434
35432
35425
35415
35409
35401
35400
35393
35377
35376
35374
35371
35369
35366
35362
35361
35352
35346
35339
35332
35329
35328
35320
35313
35302
35297
35283
35274
35266
35254
35239
35238
35236
35228
35223
35213
35206
35205
35199
35191
35189
35179
35178
35177
35168
35154
35144
35140
35132
35115
35104
35091
35087
35074
35067
35059
35054
35047
35041
35033
35032
35026
35025
35019
35018
35017
35007
35004
35000
34997
34995
34984
34977
34974
34971
34968
34953
34948
34934
34916
34912
34909
34898
34892
34875
34867
34863
34858
34848
34844
34820
34814
34803
34797
34786
34781
34779
34772
34770
34764
34762
34757
34752
34748
34747
34744
34739
34723
34718
34714
34709
34704
34700
34695
34688
34676
34661
34660
34655
34645
34629
34619
34610
34604
34602
34594
34584
34577
34573
34572
34569
34568
34560
34555
34554
34549
34547
34525
34513
34508
34501
34470
34456
34450
34448
34444
34430
34426
34397
34391
34385
34378
34372
34368
34364
34359
34358
34354
34347
34326
34325
34323
34315
34312
34309
34305
34304
34303
34295
34288
34279
34277
34273
34270
34267
34265
34263
34254
34251
34250
34248
34245
34244
34241
34232
34225
34224
34223
34221
34209
34205
34204
34201
34187
34177
34171
34169
34168
34146
34145
34144
34139
34123
34120
34119
34110
34104
34102
34092
34060
34056
34052
34042
34037
34019
34012
34006
33991
33983
33971
33970
33965
33951
33934
33929
33924
33923
33922
33920
33915
33904
33902
33901
33892
33891
33885
33875
33874
33871
33852
33843
33842
33823
33796
33788
33786
33771
33770
33765
33764
33763
33749
33748
33742
33701
33695
33680
33676
33668
33667
33662
33661
33660
33659
33657
33652
33651
33650
33616
33606
33604
33597
33588
33576
33569
33567
33561
33554
33548
33544
33536
33529
33525
33517
33514
33494
33491
33490
33489
33483
33481
33480
33470
33438
33422
33409
33363
33362
33361
33327
33321
33310
33302
33287
33251
33247
33224
33210
33189
33182
33164
33154
33148
33132
33122
33098
33097
33084
33082
33075
33062
33031
32982
32976
32959
32955
32952
32934
32890
32885
32882
32881
32869
32867
32855
32837
32808
32791
32787
32773
32748
32743
32742
32719
32703
32698
32678
32654
32650
32634
32626
32625
32623
32622
32614
32613
32609
32592
32554
32524
32505
32491
32479
32477
32451
32448
32440
32425
32421
32413
32400
32385
32354
32329
32328
32327
32308
32286
32270
32249
32244
32205
32181
32162
32152
32145
32107
32105
32098
32097
32068
32034
32028
32026
32016
31993
31985
31953
31950
31932
31893
31877
31863
31857
31856
31846
31841
31797
31783
31782
31769
31760
31742
31736
31732
31727
31726
31725
31720
31712
31708
31703
31692
31686
31683
31677
31672
31669
31667
31662
31661
31658
31649
31641
31638
31621
31611
31608
31605
31595
31585
31581
31577
31576
31566
31556
31554
31549
31546
31543
31529
31519
31510
31507
31501
31500
31499
31495
31494
31484
31479
31477
31475
31463
31452
31444
31430
31425
31424
31416
31415
31400
31391
31382
31376
31371
31370
31364
31360
31359
31357
31353
31343
31342
31334
31323
31321
31319
31313
31306
31305
31304
31294
31287
31286
31283
31277
31275
31272
31263
31261
31257
31252
31251
31250
31246
31244
31242
31239
31229
31225
31221
31216
31214
31208
31204
31203
31200
31198
31195
31172
31169
31167
31163
31149
31148
31147
31141
31138
31133
31126
31122
31117
31115
31112
31100
31094
31083
31078
31059
31042
31038
31036
31034
31033
31029
31027
31025
31017
30999
30998
30997
30990
30988
30986
30985
30982
30975
30972
30971
30962
30961
30960
30950
30943
30936
30925
30922
30920
30914
30910
30904
30902
30900
30892
30881
30880
30870
30868
30855
30851
30848
30844
30838
30833
30827
30818
30793
30784
30783
30782
30781
30778
30767
30766
30764
30746
30745
30742
30740
30733
30729
30721
30712
30709
30700
30696
30691
30689
30688
30686
30666
30663
30653
30640
30619
30600
30583
30539
30526
30524
30517
30504
30500
30496
30475
30447
30444
30436
30419
30373
30372
30362
30359
30340
30336
30282
30264
30263
30259
30221
30217
30211
30183
30176
30170
30167
30164
30162
30147
30132
30130
30126
30124
30119
30110
30097
30094
30072
30060
30059
30036
30032
30029
30028
30023
29988
29979
29944
29933
29930
29909
29889
29886
29877
29870
29863
29861
29859
29846
29844
29838
29802
29791
29789
29760
29748
29732
29713
29712
29709
29697
29696
29695
29691
29687
29686
29685
29684
29670
29657
29655
29649
29648
29644
29636
29632
29620
29614
29611
29608
29607
29606
29596
29582
29576
29571
29562
29553
29551
29550
29544
29535
29534
29530
29527
29518
29492
29491
29485
29473
29468
29467
29465
29457
29456
29453
29452
29449
29442
29439
29422
29414
29405
29404
29403
29396
29386
29384
29382
29363
29354
29329
29319
29317
29314
29305
29304
29303
29300
29287
29286
29285
29278
29259
29252
29232
29226
29217
29209
29208
29202
29199
29194
29190
29182
29179
29177
29170
29169
29154
29152
29147
29140
29134
29131
29125
29124
29119
29107
29091
29084
29081
29076
29075
29074
29073
29071
29069
29066
29062
29061
29056
29053
29050
29049
29046
29037
29031
29030
29017
29014
29012
29007
29006
29003
29000
28996
28994
28978
28974
28972
28968
28964
28938
28926
28917
28910
28907
28906
28891
28890
28886
28885
28884
28881
28878
28877
28876
28870
28859
28858
28849
28843
28840
28828
28825
28824
28812
28809
28802
28801
28784
28775
28769
28768
28762
28761
28760
28751
28750
28745
28738
28736
28726
28719
28717
28716
28707
28703
28697
28685
28684
28683
28676
28669
28668
28667
28666
28663
28658
28657
28654
28653
28649
28642
28640
28637
28634
28625
28624
28618
28605
28598
28595
28590
28580
28576
28555
28554
28550
28548
28545
28513
28512
28511
28510
28509
28502
28497
28492
28438
28400
28377
28370
28368
28364
28360
28359
28358
28352
28349
28347
28346
28343
28340
28338
28330
28329
28323
28310
28309
28306
28303
28300
28299
28293
28292
28287
28285
28284
28283
28279
28274
28271
28268
28267
28266
28264
28263
28260
28258
28250
28247
28245
28244
28242
28241
28239
28226
28224
28220
28214
28212
28210
28207
28205
28204
28202
28201
28198
28192
28187
28186
28183
28173
28171
28169
28166
28165
28163
28158
28156
28155
28153
28152
28146
28145
28142
28141
28140
28137
28135
28132
28131
28130
28125
28124
28118
28103
28099
28036
28032
28024
28022
28007
28000
27992
27986
27983
27978
27951
27947
27939
27932
27924
27908
27896
27895
27893
27887
27884
27882
27881
27876
27843
27841
27822
27817
27814
27810
27807
27805
27800
27796
27781
27775
27768
27765
27759
27757
27751
27750
27747
27745
27742
27724
27720
27717
27715
27705
27696
27693
27678
27665
27653
27651
27630
27589
27582
27569
27553
27552
27537
27531
27524
27506
27501
27476
27446
27445
27425
27400
27393
27373
27364
27345
27334
27325
27323
27322
27320
27299
27288
27287
27272
27258
27257
27240
27229
27216
27204
27195
27193
27181
27168
27139
27138
27137
27085
27069
27067
27066
27065
27064
27047
27044
27034
27033
27026
27008
27006
27005
26994
26978
26972
26949
26938
26935
26929
26914
26897
26895
26886
26882
26881
26878
26860
26854
26838
26827
26810
26806
26803
26801
26794
26793
26788
26785
26769
26753
26744
26739
26724
26689
26677
26668
26652
26617
26616
26615
26613
26609
26608
26592
26554
26549
26548
26546
26523
26512
26505
26501
26496
26484
26479
26458
26452
26451
26426
26422
26375
26367
26339
26328
26317
26300
26292
26289
26284
26282
26259
26253
26244
26230
26225
26223
26215
26210
26209
26198
26167
26166
26163
26152
26134
26123
26114
26110
26105
26094
26084
26076
26072
26068
26062
25999
25993
25983
25975
25973
25967
25961
25956
25933
25932
25921
25920
25904
25899
25887
25885
25883
25853
25847
25843
25818
25795
25769
25767
25761
25746
25745
25700
25694
25689
25668
25660
25653
25651
25650
25649
25648
25637
25636
25615
25607
25592
25584
25582
25577
25576
25557
25556
25549
25543
25542
25540
25534
25531
25529
25528
25525
25521
25520
25515
25513
25512
25509
25505
25504
25500
25498
25496
25490
25486
25482
25478
25473
25472
25468
25467
25466
25460
25459
25454
25447
25446
25441
25424
25409
25408
25394
25386
25384
25376
25372
25369
25358
25355
25320
25319
25308
25299
25293
25291
25282
25277
25273
25272
25255
25251
25249
25248
25234
25233
25229
25227
25220
25206
25203
25192
25189
25184
25180
25178
25163
25160
25159
25150
25148
25146
25145
25144
25143
25139
25133
25127
25122
25106
25098
25091
25086
25084
25082
25081
25074
25071
25070
25061
25035
25019
25003
25002
24995
24990
24989
24971
24962
24961
24958
24955
24953
24945
24940
24936
24931
24923
24916
24904
24893
24889
24881
24872
24867
24864
24863
24852
24848
24846
24835
24832
24829
24827
24811
24810
24796
24792
24785
24783
24778
24776
24762
24753
24750
24748
24739
24730
24724
24722
24720
24709
24703
24699
24691
24682
24680
24679
24672
24651
24641
24638
24637
24634
24631
24626
24611
24607
24602
24599
24594
24593
24592
24590
24589
24588
24582
24579
24576
24572
24560
24554
24550
24547
24544
24541
24538
24536
24535
24534
24532
24528
24527
24523
24521
24520
24516
24514
24492
24490
24489
24482
24479
24475
24466
24445
24437
24427
24400
24399
24390
24348
24342
24324
24323
24319
24315
24309
24298
24295
24287
24247
24246
24245
24238
24236
24235
24229
24220
24218
24213
24212
24210
24203
24201
24198
24192
24187
24186
24183
24173
24167
24158
24155
24151
24138
24133
24130
24129
24122
24121
24115
24095
24093
24088
24085
24077
24047
24043
24029
24028
24023
23991
23988
23966
23962
23956
23953
23951
23948
23947
23944
23936
23935
23934
23930
23927
23923
23913
23911
23910
23899
23895
23893
23889
23884
23879
23871
23862
23855
23838
23829
23816
23779
23774
23756
23752
23750
23745
23724
23721
23708
23700
23688
23686
23679
23678
23674
23673
23671
23670
23666
23661
23657
23655
23650
23642
23641
23637
23576
23575
23563
23550
23541
23523
23520
23498
23487
23486
23473
23456
23422
23404
23391
23383
23374
23372
23367
23352
23342
23338
23314
23308
23304
23300
23265
23252
23248
23243
23205
23201
23184
23175
23148
23138
23131
23127
23126
23118
23114
23106
23089
23081
23072
23033
23005
23002
22969
22958
22957
22956
22936
22927
22925
22923
22911
22909
22898
22894
22884
22873
22845
22822
22799
22792
22781
22773
22772
22768
22759
22750
22747
22742
22730
22724
22691
22690
22689
22667
22663
22653
22652
22646
22645
22637
22625
22581
22576
22573
22571
22568
22566
22562
22561
22548
22534
22489
22485
22442
22438
22431
22411
22408
22402
22400
22394
22388
22384
22381
22364
22361
22356
22355
22351
22346
22343
22335
22302
22299
22284
22244
22243
22241
22205
22197
22186
22177
22153
22150
22147
22132
22119
22110
22070
22011
22006
22002
21992
21981
21976
21973
21949
21947
21922
21918
21906
21889
21879
21877
21864
21859
21840
21817
21808
21804
21803
21782
21777
21769
21766
21755
21737
21730
21724
21719
21709
21688
21686
21640
21637
21628
21627
21623
21599
21574
21571
21570
21559
21548
21547
21528
21527
21523
21513
21508
21502
21500
21497
21495
21491
21488
21479
21473
21472
21462
21461
21453
21446
21442
21438
21437
21430
21419
21414
21413
21412
21409
21396
21392
21385
21379
21378
21374
21371
21367
21365
21353
21351
21341
21333
21332
21321
21312
21310
21309
21305
21299
21294
21287
21286
21284
21282
21277
21274
21266
21263
21261
21250
21246
21243
21236
21233
21232
21230
21229
21226
21219
21215
21214
21213
21211
21195
21191
21189
21183
21175
21174
21156
21155
21151
21150
21142
21132
21131
21127
21123
21107
21105
21103
21101
21064
21057
21056
21050
21042
21021
21017
21013
21011
21007
21003
20985
20979
20969
20965
20960
20959
20952
20950
20946
20942
20940
20932
20931
20928
20919
20917
20912
20911
20910
20904
20902
20900
20895
20884
20875
20873
20870
20866
20861
20860
20853
20852
20850
20849
20847
20845
20842
20839
20836
20825
20815
20811
20810
20804
20799
20783
20776
20773
20771
20766
20764
20755
20751
20746
20738
20731
20730
20722
20714
20712
20704
20694
20686
20676
20661
20657
20655
20653
20647
20640
20634
20632
20631
20629
20621
20618
20616
20598
20597
20590
20581
20570
20569
20562
20552
20544
20539
20535
20533
20530
20521
20519
20516
20514
20504
20497
20495
20485
20483
20473
20460
20459
20454
20448
20413
20406
20401
20388
20376
20357
20355
20354
20328
20324
20312
20299
20283
20257
20255
20228
20225
20214
20208
20207
20193
20163
20161
20141
20115
20101
20091
20090
20081
20080
20077
20057
20041
20029
20021
20018
20013
20002
20001
19988
19969
19968
19918
19905
19902
19893
19881
19875
19863
19855
19844
19842
19830
19812
19809
19806
19803
19800
19782
19771
19754
19752
19740
19711
19693
19685
19661
19653
19586
19582
19578
19570
19555
19554
19551
19541
19531
19528
19515
19497
19496
19479
19429
19422
19411
19406
19397
19384
19383
19381
19373
19366
19332
19331
19318
19316
19305
19271
19261
19257
19255
19237
19233
19229
19228
19214
19181
19180
19174
19170
19169
19165
19159
19158
19151
19133
19117
19114
19108
19104
19094
19092
19089
19086
19082
19052
19050
19037
19036
19024
19021
19019
19009
19008
18990
18978
18965
18943
18934
18895
18889
18885
18883
18882
18881
18865
18863
18840
18839
18812
18793
18786
18779
18747
18745
18739
18734
18712
18710
18705
18687
18683
18678
18676
18671
18647
18632
18624
18618
18616
18592
18566
18548
18540
18531
18530
18508
18494
18490
18488
18485
18479
18474
18451
18450
18404
18403
18400
18399
18398
18391
18390
18379
18371
18366
18364
18351
18302
18283
18282
18268
18266
18260
18233
18229
18210
18209
18206
18201
18200
18187
18185
18183
18149
18127
18119
18118
18117
18108
18106
18103
18101
18092
18070
18068
18059
18046
18042
18037
18033
18015
18007
18004
18001
18000
17975
17974
17971
17970
17961
17958
17948
17941
17939
17927
17924
17922
17917
17916
17897
17895
17888
17887
17885
17884
17882
17864
17857
17841
17828
17826
17820
17819
17816
17814
17813
17812
17809
17806
17787
17785
17766
17762
17754
17746
17727
17726
17714
17709
17707
17705
17696
17686
17685
17676
17675
17670
17668
17666
17660
17659
17658
17645
17639
17638
17633
17625
17623
17622
17621
17619
17604
17579
17561
17559
17557
17554
17547
17536
17534
17511
17506
17501
17498
17494
17492
17483
17477
17469
17465
17462
17459
17451
17447
17444
17443
17439
17431
17428
17426
17425
17408
17403
17402
17400
17379
17378
17373
17368
17361
17359
17356
17338
17310
17306
17293
17266
17253
17233
17232
17231
17229
17228
17227
17226
17225
17223
17222
17197
17184
17183
17151
17149
17143
17139
17113
17099
17088
17072
17057
17054
17048
17019
17018
17015
17014
17012
17001
16992
16971
16967
16966
16960
16949
16948
16943
16942
16941
16921
16906
16905
16904
16887
16880
16876
16866
16863
16852
16851
16842
16837
16835
16832
16814
16811
16805
16798
16795
16739
16735
16724
16713
16700
16696
16692
16685
16668
16657
16654
16637
16629
16626
16617
16610
16609
16604
16594
16591
16582
16580
16567
16559
16557
16540
16532
16531
16524
16523
16509
16503
16496
16493
16473
16471
16467
16450
16445
16422
16417
16410
16403
16399
16397
16395
16391
16371
16353
16347
16344
16338
16333
16322
16316
16303
16302
16300
16296
16285
16284
16283
16276
16265
16262
16256
16253
16246
16245
16243
16229
16218
16210
16206
16205
16202
16190
16186
16181
16179
16178
16176
16175
16171
16170
16164
16160
16154
16152
16150
16143
16130
16128
16126
16117
16112
16110
16097
16095
16094
16086
16084
16083
16080
16076
16073
16066
16058
16054
16050
16030
16020
16019
16016
16010
16007
15997
15994
15982
15974
15965
15964
15962
15960
15958
15954
15945
15943
15936
15935
15929
15924
15919
15915
15895
15894
15886
15879
15857
15836
15835
15830
15808
15806
15805
15802
15800
15782
15774
15772
15766
15763
15757
15756
15744
15743
15741
15738
15735
15734
15732
15725
15723
15721
15706
15704
15703
15699
15696
15695
15694
15685
15673
15672
15670
15669
15659
15658
15645
15641
15640
15626
15623
15617
15614
15612
15606
15605
15600
15598
15595
15589
15582
15577
15576
15570
15557
15547
15544
15541
15533
15527
15525
15517
15516
15510
15502
15497
15493
15491
15475
15474
15471
15468
15463
15461
15454
15450
15440
15439
15433
15428
15426
15421
15419
15412
15404
15401
15399
15397
15395
15377
15372
15368
15366
15353
15348
15344
15320
15318
15311
15305
15301
15296
15290
15267
15265
15250
15247
15221
15219
15206
15191
15180
15177
15169
15164
15152
15149
15133
15129
15108
15102
15090
15085
15075
15065
15054
15042
15029
15026
15024
15011
15006
15003
14993
14989
14988
14985
14979
14929
14923
14921
14910
14909
14907
14905
14904
14901
14877
14868
14866
14864
14860
14840
14832
14828
14824
14813
14803
14793
14773
14756
14755
14754
14753
14747
14745
14744
14743
14742
14733
14717
14709
14702
14701
14669
14651
14638
14615
14605
14589
14567
14554
14552
14551
14543
14537
14526
14492
14477
14472
14430
14418
14413
14399
14380
14374
14371
14369
14366
14363
14361
14329
14325
14318
14313
14299
14291
14288
14282
14280
14271
14265
14263
14262
14259
14244
14237
14230
14178
14147
14135
14133
14127
14116
14103
14090
14086
14085
14080
14059
14051
14048
14041
14007
13999
13994
13979
13977
13951
13909
13904
13878
13876
13871
13868
13855
13826
13825
13819
13809
13807
13802
13791
13790
13789
13787
13776
13773
13768
13767
13765
13760
13750
13746
13739
13730
13706
13703
13694
13693
13692
13691
13682
13672
13657
13649
13645
13644
13618
13614
13607
13592
13591
13578
13576
13555
13536
13490
13489
13480
13446
13445
13438
13433
13415
13414
13409
13385
13382
13370
13368
13367
13363
13359
13354
13345
13340
13335
13333
13332
13331
13329
13324
13319
13307
13293
13289
13285
13259
13257
13253
13249
13247
13246
13238
13237
13236
13230
13227
13213
13208
13194
13193
13189
13188
13184
13180
13178
13173
13170
13169
13157
13156
13147
13133
13132
13127
13124
13122
13121
13119
13118
13115
13110
13106
13101
13094
13092
13091
13088
13075
13069
13066
13065
13056
13055
13046
13045
13041
13037
13036
13032
13030
13009
13005
13004
13003
13002
13000
12999
12998
12997
12993
12990
12989
12986
12980
12978
12976
12975
12971
12969
12968
12963
12956
12946
12941
12926
12924
12912
12905
12897
12895
12883
12880
12874
12872
12859
12850
12849
12847
12843
12842
12835
12831
12829
12788
12779
12778
12773
12772
12769
12767
12764
12754
12741
12739
12735
12732
12731
12730
12722
12716
12715
12714
12713
12709
12705
12703
12695
12693
12690
12687
12685
12684
12683
12676
12670
12668
12657
12653
12651
12646
12644
12642
12637
12625
12618
12617
12615
12611
12605
12599
12597
12594
12593
12592
12586
12581
12580
12578
12577
12570
12566
12556
12555
12552
12545
12542
12541
12540
12536
12530
12521
12519
12510
12507
12502
12496
12494
12491
12486
12482
12481
12480
12479
12470
12466
12455
12453
12445
12430
12418
12414
12406
12400
12399
12392
12390
12389
12387
12386
12380
12361
12360
12357
12353
12350
12348
12346
12343
12338
12337
12334
12333
12332
12329
12327
12324
12322
12321
12316
12314
12312
12310
12306
12305
12303
12302
12301
12297
12274
12271
12260
12258
12256
12252
12222
12200
12189
12188
12187
12184
12182
12181
12180
12179
12178
12159
12154
12150
12148
12145
12143
12140
12133
12130
12129
12127
12124
12121
12112
12111
12097
12089
12087
12083
12066
12064
12046
12042
12041
12036
12033
12025
12021
12019
12008
12006
11996
11994
11992
11986
11979
11976
11970
11966
11960
11924
11921
11919
11915
11904
11901
11888
11879
11855
11854
11853
11852
11847
11845
11837
11835
11830
11817
11816
11815
11806
11799
11798
11796
11776
11766
11758
11750
11745
11722
11714
11713
11712
11711
11708
11706
11696
11693
11691
11686
11670
11666
11664
11663
11653
11650
11643
11588
11586
11570
11563
11562
11557
11556
11550
11537
11530
11524
11522
11507
11492
11491
11486
11468
11457
11456
11432
11430
11427
11426
11423
11414
11404
11403
11402
11398
11383
11368
11367
11363
11359
11351
11348
11343
11342
11340
11317
11290
11288
11280
11274
11272
11271
11269
11260
11259
11255
11242
11240
11233
11232
11221
11195
11178
11172
11170
11168
11164
11139
11135
11123
11115
11114
11096
11081
11074
11071
11057
11051
11045
11032
11030
11025
11019
11014
11013
10993
10973
10972
10970
10965
10961
10954
10947
10933
10932
10929
10927
10913
10912
10910
10886
10881
10838
10835
10834
10823
10796
10778
10774
10771
10770
10764
10756
10753
10733
10715
10708
10692
10674
10625
10607
10594
10587
10583
10578
10533
10507
10490
10481
10480
10475
10474
10466
10464
10457
10430
10429
10421
10417
10397
10396
10391
10367
10355
10352
10326
10310
10302
10292
10288
10282
10279
10278
10271
10242
10238
10223
10219
10217
10208
10204
10203
10201
10158
10145
10143
10135
10118
10113
10103
10102
10101
10099
10098
10094
10089
10084
10077
10057
10049
10036
10032
10031
10029
10026
10024
10022
10021
10019
10013
10010
9999
9989
9976
9957
9950
9942
9931
9930
9929
9927
9924
9919
9918
9911
9908
9905
9902
9901
9893
9892
9891
9889
9885
9876
9875
9874
9873
9871
9848
9845
9842
9829
9824
9822
9821
9814
9808
9802
9797
9790
9785
9749
9738
9737
9733
9730
9729
9723
9700
9689
9680
9670
9667
9658
9655
9652
9650
9627
9621
9618
9614
9609
9607
9601
9587
9584
9583
9560
9556
9541
9535
9534
9526
9519
9513
9506
9505
9503
9500
9498
9497
9484
9482
9466
9457
9443
9441
9439
9416
9398
9394
9387
9381
9371
9370
9365
9355
9354
9351
9341
9340
9336
9329
9328
9326
9325
9318
9316
9315
9313
9308
9304
9303
9299
9298
9297
9293
9286
9270
9269
9268
9266
9264
9263
9260
9255
9246
9241
9230
9229
9226
9211
9208
9205
9204
9198
9193
9189
9186
9182
9167
9158
9155
9153
9150
9146
9145
9143
9137
9136
9129
9127
9125
9122
9121
9119
9116
9113
9112
9110
9086
9085
9070
9066
9063
9051
9050
9049
9044
9039
9038
9036
9033
9032
9031
9026
9021
9009
9008
9003
9002
9000
8999
8997
8990
8972
8968
8966
8954
8953
8950
8943
8932
8928
8926
8925
8920
8918
8905
8903
8897
8896
8895
8893
8890
8881
8879
8877
8870
8866
8851
8847
8839
8838
8828
8825
8823
8821
8820
8816
8804
8798
8788
8784
8781
8779
8778
8774
8771
8767
8764
8763
8758
8752
8751
8749
8744
8741
8732
8726
8723
8718
8717
8711
8708
8697
8692
8689
8685
8681
8680
8677
8676
8675
8674
8664
8661
8657
8649
8648
8641
8636
8629
8615
8613
8612
8608
8607
8601
8596
8595
8591
8586
8585
8580
8571
8570
8569
8565
8562
8560
8559
8554
8553
8551
8546
8545
8544
8542
8534
8530
8529
8523
8522
8519
8517
8515
8513
8511
8508
8501
8495
8492
8491
8487
8477
8473
8470
8468
8462
8457
8455
8452
8449
8447
8445
8443
8440
8438
8437
8431
8426
8422
8419
8416
8412
8410
8403
8402
8401
8400
8399
8395
8393
8391
8390
8387
8386
8382
8377
8376
8375
8374
8371
8369
8368
8365
8364
8359
8346
8345
8343
8342
8339
8338
8331
8330
8323
8319
8317
8311
8310
8309
8308
8304
8301
8300
8291
8285
8282
8280
8273
8265
8262
8261
8258
8251
8249
8246
8245
8241
8240
8226
8220
8218
8201
8194
8192
8190
8175
8167
8153
8151
8149
8148
8137
8121
8111
8103
8100
8075
8057
8055
8048
8047
8025
8015
8008
8002
8001
7992
7991
7963
7961
7925
7922
7911
7908
7896
7850
7849
7843
7838
7832
7829
7828
7821
7819
7806
7796
7795
7794
7788
7786
7784
7782
7754
7753
7752
7738
7735
7725
7718
7717
7714
7713
7693
7690
7682
7679
7672
7670
7668
7664
7660
7657
7654
7643
7636
7633
7632
7631
7629
7617
7616
7610
7604
7602
7600
7598
7597
7594
7578
7575
7568
7565
7562
7552
7546
7545
7543
7540
7539
7533
7529
7527
7522
7521
7514
7511
7506
7505
7502
7500
7497
7496
7481
7479
7475
7474
7473
7470
7469
7468
7465
7459
7455
7453
7438
7430
7407
7397
7393
7385
7381
7377
7361
7352
7349
7342
7341
7332
7315
7314
7311
7303
7298
7296
7276
7272
7270
7268
7262
7260
7257
7250
7224
7221
7219
7212
7194
7181
7162
7151
7132
7122
7106
7098
7091
7087
7086
7066
7065
7057
7055
7049
7048
7046
7029
7018
7016
7015
7014
7012
7011
7004
6994
6983
6981
6966
6954
6939
6922
6921
6913
6912
6910
6908
6905
6904
6903
6900
6894
6886
6881
6880
6876
6874
6870
6866
6863
6858
6856
6855
6854
6853
6849
6848
6846
6834
6833
6830
6828
6824
6821
6820
6805
6802
6799
6798
6789
6786
6782
6778
6775
6774
6772
6769
6768
6762
6758
6746
6739
6738
6736
6735
6734
6731
6730
6724
6723
6718
6714
6713
6712
6703
6702
6700
6699
6697
6695
6694
6682
6679
6677
6672
6667
6663
6662
6661
6660
6659
6653
6648
6629
6623
6621
6620
6619
6614
6598
6594
6584
6582
6580
6568
6559
6539
6536
6534
6528
6517
6509
6505
6503
6498
6487
6479
6473
6471
6461
6459
6458
6453
6450
6429
6428
6423
6421
6419
6412
6407
6405
6400
6391
6389
6372
6367
6364
6360
6347
6337
6332
6327
6325
6315
6306
6303
6300
6296
6295
6263
6261
6254
6246
6224
6223
6222
6221
6210
6203
6197
6189
6181
6167
6163
6147
6140
6130
6128
6127
6122
6079
6067
6062
6059
6057
6045
6034
6025
6022
5838
5800
5794
5778
5769
5760
5742
5738
5730
5726
5725
5723
5719
5715
5714
5713
5704
5693
5691
5690
5669
5668
5664
5662
5661
5650
5645
5639
5631
5617
5616
5610
5607
5606
5605
5603
5602
5588
5583
5580
5578
5577
5576
5568
5564
5563
5555
5552
5550
5547
5541
5539
5538
5537
5532
5526
5524
5523
5521
5518
5513
5511
5504
5503
5495
5488
5486
5484
5483
5480
5468
5467
5466
5462
5459
5438
5435
5433
5432
5430
5429
5427
5425
5416
5413
5410
5408
5404
5403
5400
5397
5396
5394
5392
5391
5390
5387
5386
5385
5384
5381
5377
5107
5104
5089
5078
5071
5061
5056
5050
5049
5009
5006
4997
4996
4927
4922
4913
4901
4891
4862
4854
4853
4851
4847
4845
4844
4837
4833
4826
4818
4816
4813
4812
4811
4809
4808
4805
4804
4802
4800
4796
4795
4789
4788
4787
4780
4779
4777
4776
4775
4773
4771
4770
4768
4766
4765
4764
4761
4760
4755
4750
4741
4739
4725
4721
4713
4704
4694
4686
4685
4680
4678
4675
4673
4670
4658
4657
4651
4648
4645
4641
4637
4635
4628
4621
4618
4617
4610
4609
4608
4600
4597
4594
4589
4581
4565
4558
4557
4551
4544
4540
4538
4528
4515
4473
4466
4459
4436
4434
4358
4323
4319
4314
4307
4270
4269
4267
4266
4265
4264
4263
4262
4261
4258
4237
4230
4208
4193
4185
4181
4152
4151
4150
4136
4134
4058
4040
4007
4004
3958
3943
3931
3925
3923
3912
3910
3908
3900
3855
3848
3842
3836
3833
3816
3807
3801
3790
3786
3776
3770
3766
3762
3758
3755
3754
3745
3742
3741
3737
3728
3714
3707
3701
3700
3685
3681
3676
3663
3662
3651
3644
3640
3605
3598
3597
3595
3593
3561
3549
3544
3541
3538
3527
3491
3479
3477
3464
3462
3450
3422
3421
3397
3385
3378
3372
3371
3361
3356
3352
3344
3330
3329
3327
3325
3320
3316
3313
3312
3308
3303
3302
3301
3300
3292
3291
3277
3269
3268
3267
3265
3262
3261
3257
3255
3254
3253
3252
3249
3245
3243
3242
3239
3238
3226
3225
3223
3221
3218
3216
3215
3213
3212
3209
3208
3194
3186
3169
3132
3130
3128
3112
3081
3058
3043
2939
2914
2907
2906
2905
2901
2899
2897
2895
2874
2861
2860
2857
2856
2854
2852
2848
2847
2839
2830
2828
2820
2818
2764
2734
2730
2722
2721
2716
2715
2711
2707
2698
2697
2688
2687
2686
2685
2683
2671
2648
2647
2637
2635
2614
2611
2609
2603
2602
2594
2588
2586
2572
2559
2554
2544
2541
2538
2529
2527
2519
2518
2516
2514
2510
2500
2497
2495
2490
2471
2386
2381
2379
2200
2162
2159
2158
2153
2152
2140
2134
2119
2118
2116
2110
2107
2072
2065
2044
2042
2018
1998
1982
1970
1968
1955
1945
1936
1930
1916
1913
1887
1886
1880
1853
1842
1836
1835
1828
1818
1803
1797
1790
1789
1785
1767
1764
1759
1742
1741
1733
1729
1723
1705
1696
1689
1680
1668
1659
1653
1645
1625
1616
1610
1569
1555
1554
1547
1539
1509
1498
1491
1467
1452
1423
1421
1408
1351
1299
1294
1290
1280
1277
1273
1267
1257
1251
1249
1248
1241
1239
1237
1226
1221
1215
1213
1140
1136
1126
1120
1103
895
855
852
819
818
812
803
797
786
781
779
766
760
745
724
721
719
715
714
703
702
701
680
668
637
603
600
577
575
568
567
559
558
557
553
552
549
513
497
387
383
381
378
376
367
306
302
297
293
292
286
278
276
271
270
260
251
237
226
224
210
209
206
195
194
174
173
156
149
137
101
88
81
80
73
72
71
70
69
64
62
57
55
42
38
35
34
32
26
25
24
8
4
2
1