time(seconds)	aggragete Attack(Mbps)
3.7425500043861883	20
4.696773257441866	40
4.793608176268365	60
5.1571302866951	80
8.985422111560986	100
9.361425238541134	120
10.598920953251833	140
12.855901160225423	160
14.412547947833817	180
15.733733466575732	200
16.94952631982192	220
17.362316243951337	240
18.28666256863455	260
21.30387058301848	280
23.435678890024484	300
24.522351718087442	320
24.67871560535734	340
27.807037438954374	360
27.824696491796775	380
28.733582058291322	400
28.906895456024706	420
29.067009271850406	440
29.530374355818424	460
30.67642229344974	480
30.776044229775707	500
31.921219451505277	520
32.310033531073834	540
34.43718304156411	560
34.616186883478235	580
34.989949298385625	600
35.985832253711365	620
35.98685561268492	640
36.84487165092646	660
37.21687148359799	680
39.08652439442676	700
39.87169040807966	720
40.67032947058462	740
41.78157673841066	760
41.837844546931464	780
45.66583822832614	800
48.607451015876805	820
48.96843447900094	840
49.26960959459313	860
50.949951189820766	880
52.493555743243505	900
53.15672121989975	920
53.64567384864697	940
53.775130711295375	960
54.56319723700636	980
54.65759864708807	1000
55.08643310740546	1020
55.863277566144305	1040
56.10284715726827	1060
56.1758023513579	1080
59.34365973578312	1100
61.17509638469894	1120
61.42468153705476	1140
63.914721158285566	1160
64.54723039392941	1180
65.14562328134912	1200
65.3871355840299	1220
68.13464310663109	1240
68.8837936646552	1260
69.0270985789722	1280
69.38769260365676	1300
69.53277922610546	1320
70.14223104672222	1340
71.11197297059725	1360
72.15129963329248	1380
72.38803682118271	1400
72.3952795190654	1420
72.46796028312258	1440
72.79274644424189	1460
73.04509372029187	1480
73.85743909167101	1500
74.7737820816131	1520
75.42796825545035	1540
76.00210115105271	1560
79.19349739549965	1580
80.2118864627684	1600
81.89656602065723	1620
81.97213046904525	1640
86.88811808879191	1660
87.38516972113847	1680
87.92862241508661	1700
88.20713270609879	1720
88.30306115603793	1740
88.95327848693286	1760
89.36996626825862	1780
89.43483103114615	1800
89.88398010132559	1820
91.69580081508838	1840
92.17895821218389	1860
93.56550872260992	1880
93.99830279879373	1900
95.64311506291558	1920
98.30434923230871	1940
98.96047130720034	1960
99.04870377792864	1980
99.5992296656265	2000
100.14295969332387	2000
101.21314872930739	2000
101.60375496979873	2000
102.33379994813738	2000
102.9419612081455	2000
103.08961012774218	2000
103.69914201848614	2000
105.36891066045087	2000
105.4591920332536	2000
105.52209589807357	2000
105.97782076579975	2000
108.32784551352178	2000
108.46822617633686	2000
109.09592411904597	2000
109.61617628275272	2000
109.71134259808116	2000
110.108299861207	2000
110.54261499421926	2000
111.67491058889448	2000
112.83948644513399	2000
114.438236435777	2000
115.5363864134345	2000
120.12545786189503	2000
121.31913728216269	2000
121.7935031088598	2000
122.31390321965948	2000
122.38316251574786	2000
122.54912293719003	2000
122.95489985161558	2000
123.58466785118014	2000
125.05302219035268	2000
126.32751151440765	2000
126.59551327545648	2000
127.40843703399324	2000
127.62475609394164	2000
127.93705162649334	2000
128.08896215260532	2000
128.44912187811664	2000
128.77795463933845	2000
128.93633899642643	2000
128.9666405346164	2000
129.16725621128836	2000
129.37052569737685	2000
130.47600935992813	2000
134.84957577880533	2000
135.73462418344377	2000
136.46251400441668	2000
137.7920041222198	2000
137.83984017060126	2000
139.14430161088197	2000
139.75227595301567	2000
141.73225536372345	2000
143.39997923035475	2000
144.25032613672872	2000
146.07995552119803	2000
147.3442634235776	2000
150.01007586605112	2000
150.76145733385863	2000
152.36038001642598	2000
152.5610814598185	2000
153.91881579184266	2000
154.03536713544375	2000
157.34460964339667	2000
158.87345694902484	2000
160.7539093846846	2000
161.15489891734117	2000
161.75442920301205	2000
165.10173433278848	2000
166.35052923477426	2000
166.6888513163246	2000
168.265171191448	2000
169.16306555148472	2000
170.01622590404713	2000
170.08069693162258	2000
170.86715694972546	2000
171.17543240121805	2000
172.4181397993564	2000
173.7507262300757	2000
174.26510468035386	2000
174.58075408703144	2000
175.3831651013349	2000
175.78929440502677	2000
177.06134212201573	2000
177.0872288321885	2000
178.41235420933265	2000
178.70776336180066	2000
179.34504272665734	2000
179.54415581663906	2000
179.89573800525375	2000
180.13628729645015	2000
180.71728243671757	2000
182.06039384792348	2000
182.24868521188796	2000
182.98373469107975	2000
183.38734326367964	2000
184.68058161518945	2000
190.1729229521488	2000
191.36389956030962	2000
192.96136745576996	2000
194.00988912052654	2000
194.66871549666664	2000
195.52381468939762	2000
197.354990150548	2000
199.62937667739578	2000
200.2504246875555	2000
200.48895590065064	2000
201.290514355732	2000
202.21352500254568	2000
202.7541529332082	2000
203.2985166382243	2000
203.87328290828694	2000
205.67430544814803	2000
206.6614309896781	2000
207.9243029838145	2000
208.38072224937818	2000
208.9036283424452	2000
211.54900357777208	2000
213.09633234642342	2000
213.1845686834127	2000
214.86293132204136	2000
215.13722037162788	2000
215.3507758540153	2000
216.19929749148366	2000
217.90995839298685	2000
220.96727048355982	2000
220.98668851780792	2000
221.49358096523514	2000
221.85873276632185	2000
222.8469074920798	2000
223.98535745638986	2000
224.9767279138894	2000
225.44314519431634	2000
225.50441977542997	2000
225.9378215844454	2000
227.13338073152335	2000
228.45154722959464	2000
230.71274565201037	2000
231.01780667927576	2000
231.96682534391016	2000
233.86958828716305	2000
233.976483251332	2000
234.8045393164786	2000
235.3878245632774	2000
236.21138392422114	2000
237.36545792256857	2000
238.73985427134653	2000
238.78508812154988	2000
239.12565028983536	2000
239.40192678485138	2000
239.6579970110981	2000
242.7583090492129	0
244.40316838387668	20
245.0436822110717	40
245.28728218185447	60
245.6797885813622	80
246.06828279002082	100
247.55149566779374	120
247.77788523859869	140
248.5545909680771	160
250.85687135960572	180
251.60289719687913	200
252.29308189560908	220
252.71644383690335	240
255.47029474303545	260
255.91688557852027	280
256.57557024778356	300
256.86230994093467	320
257.58108521629936	340
258.0982691455686	360
258.92972899882085	380
259.05173079588207	400
259.2983288380742	420
260.04998043188755	440
261.02679763779946	460
264.846804677589	480
267.2419592815837	500
268.92716562187115	520
270.1678038708238	540
271.8994144605614	560
275.97795412693563	580
277.26701575029074	600
278.8483165275794	620
279.4694175859711	640
280.0683870074392	660
280.8582551514823	680
280.8619325812028	700
281.8105405852659	720
282.9177459220106	740
283.4767329898852	760
284.38241429585	780
285.6609508584814	800
285.7935760762328	820
286.2424494624504	840
287.28649966177045	860
288.24121542032367	880
288.2965407533897	900
290.30839467299563	920
290.6284729785911	940
292.61035306000286	960
292.7971046426571	980
292.9488282627398	1000
293.0363860223223	1020
293.39654281307764	1040
293.6005697073043	1060
293.7928920300698	1080
294.0709008931643	1100
294.5482309476224	1120
295.52104807823304	1140
295.8165420084335	1160
299.9282466636046	1180
300.78121167792943	1200
300.80734359650916	1220
302.2841627317043	1240
304.0010140983077	1260
305.6753553039487	1280
306.0249898095307	1300
307.3377269101664	1320
309.44474169445704	1340
309.7905766486722	1360
310.3863610600476	1380
310.4062378602275	1400
312.90418387692904	1420
313.0035717618935	1440
314.2338104632002	1460
314.34155621672386	1480
315.9500692143802	1500
316.3035696128379	1520
317.33553237506976	1540
320.2913419517864	1560
321.1283235454846	1580
321.5530141020433	1600
324.5318407617497	1620
324.97175450971577	1640
328.5706414954988	1660
328.65009709080573	1680
332.8349524759784	1700
334.2992519431121	1720
336.2069570025292	1740
336.3469381920372	1760
337.2460749363744	1780
337.40349798746763	1800
338.5855247905558	1820
338.81293169733397	1840
339.22528719744565	1860
339.37813331520033	1880
343.1790456099937	1900
343.4354731150463	1920
344.20407389531397	1940
345.0191886587667	1960
345.1613920913605	1980
345.75541705072493	2000
346.1387541885663	2000
346.7445922181223	2000
347.2081664446476	2000
347.660958989535	2000
348.8976713944837	2000
349.5763284346766	2000
350.1355726598421	2000
352.00053225422556	2000
352.61601253943326	2000
352.8737540996536	2000
352.93705636719477	2000
354.6259286277708	2000
355.6415162525805	2000
355.99844146857106	2000
357.25144240166367	2000
359.3403750265207	2000
359.6539649289929	2000
361.0867463317777	2000
361.99813119232374	2000
362.1354038532671	2000
365.79039816620656	2000
366.334248786048	2000
367.0193580251986	2000
368.0457035950191	2000
368.1596669999676	2000
368.22312249411937	2000
369.64393963233783	2000
371.0424505291431	2000
371.22556691398756	2000
372.1005806755147	2000
372.34959247271973	2000
373.2328762037491	2000
373.8299475353075	2000
374.9300922419512	2000
375.8054846994828	2000
376.8578862676	2000
377.47887939041976	2000
378.757790038099	2000
379.7383756238043	2000
380.103829861524	2000
382.48330180675754	2000
382.66519968058105	2000
384.6609839473112	2000
385.26720453235475	2000
385.81726512055894	2000
385.8718918964388	2000
387.4387763838957	2000
388.52357937690823	2000
388.52375494075403	2000
392.3091424669484	2000
392.40854876148524	2000
392.90917961356706	2000
393.1780791312404	2000
394.10602364202043	2000
394.1656025918522	2000
394.9820101471211	2000
395.19362341976546	2000
398.31561016417237	2000
398.41158875308236	2000
398.78873084747386	2000
399.41669542841083	2000
399.6388155843949	2000
401.38570283950924	2000
403.40005606118353	2000
404.629271412743	2000
404.8219903508217	2000
405.6024904416707	2000
406.168056508229	2000
406.44015616301215	2000
408.19148308050177	2000
408.68036595976656	2000
408.9880770039294	2000
409.0251910081502	2000
409.5962888888583	2000
410.4472933240203	2000
411.0826784399583	2000
411.6666654884117	2000
412.3318044042997	2000
412.61466024813	2000
417.6654512181753	2000
417.6840096829739	2000
418.6733495709206	2000
419.2855751197349	2000
419.6468280499923	2000
419.72872610285947	2000
420.16398496885154	2000
420.82960581606346	2000
422.6648548099426	2000
424.2787410821358	2000
424.2822575044572	2000
425.3358268766868	2000
426.93881389542696	2000
432.4405205975186	2000
432.5969471025305	2000
432.6822545641733	2000
432.78396368307625	2000
434.07871733500855	2000
434.31036777955507	2000
439.9360996256588	2000
440.2961440140989	2000
440.71969724909894	2000
440.8399724137543	2000
444.0559456480705	2000
446.75728945247414	2000
447.6405864521511	2000
447.73784067614895	2000
448.3719683856138	2000
449.3601922969554	2000
449.36650781495433	2000
449.374996834742	2000
449.58879742635827	2000
449.8570110078931	2000
450.8624726386528	2000
452.8075579203138	2000
453.03204212236636	2000
453.2939458192869	2000
456.5723345085684	2000
458.22778242209034	2000
460.75323357050434	2000
462.89220035579547	2000
464.81650104185155	2000
464.94070963050706	2000
466.5791967916232	2000
468.5568350660522	2000
468.60194967310247	2000
469.9715380547767	2000
470.4841598239817	2000
472.5954508271066	2000
473.6846650328367	2000
473.78662040790766	2000
474.61984021062824	2000
475.22247292693294	2000
476.5634328314355	2000
476.70939135301745	2000
477.3845336452386	2000
483.0911163901528	0
483.12170794854586	20
483.62989610677494	40
484.63900517821713	60
485.8676594067756	80
486.2096622361169	100
486.9496292581394	120
487.91789338934984	140
489.42458545198525	160
489.5630952593251	180
489.6482845185814	200
490.33612313256725	220
491.3628100473505	240
492.69018855081674	260
493.3517555284893	280
493.5274163279121	300
494.68531722087005	320
495.24960619041906	340
495.29761810646875	360
496.06424474333085	380
497.4468659170607	400
499.00747162356663	420
500.10857930499856	440
