time(seconds)	aggragete Attack(Mbps)
0.3366255619378662	20
0.4411802074839597	40
0.9348862452890838	60
0.9399150091299283	80
1.077056024951374	100
1.146808826379174	120
1.3410421727520316	140
1.5507288078680637	160
1.7282169382141515	180
1.7831483350875685	200
1.8126128766913727	220
1.8685845978650124	240
2.2260829182752135	260
2.3113606538917275	280
2.7363780471170522	300
2.82520679402048	320
2.9325878579238305	340
3.0672083411359887	360
3.115682330728922	380
3.1580753563492516	400
3.6249166575851444	420
3.642398364081586	440
3.6954691559344646	460
3.849376762570554	480
4.253452271649496	500
4.384621559496379	520
4.5059849014168	540
4.5958423314836265	560
4.605491170768271	580
4.611260804287875	600
4.94325017167736	620
4.949540602265824	640
4.9727612958443785	660
5.095237997319687	680
5.177319395003728	700
5.368387092093715	720
5.413548216105202	740
5.684805364498202	760
5.713342303590485	780
5.729343872660385	800
6.025987034357871	820
6.207978558706786	840
6.316561427928395	860
6.472856035470934	880
6.596914205373297	900
6.743196243032782	920
6.954332863449012	940
7.123956206478781	960
7.644126138876405	980
7.7779649913231825	1000
7.808917304783919	1020
7.863499434044879	1040
8.518827027488017	1060
8.624533500001201	1080
8.765799923757616	1100
8.770434635922467	1120
9.080297448073168	1140
9.57229403874607	1160
9.881537905023624	1180
10.361458302107097	1200
10.638117787714648	1220
10.892737817320416	1240
11.052862472168105	1260
11.449311977269389	1280
11.795343334809763	1300
11.941930781717693	1320
12.393074584934483	1340
12.443620439449743	1360
12.477465539713466	1380
12.789567627648813	1400
12.817901473949261	1420
12.914133410287889	1440
12.990705765687197	1460
13.184105321915537	1480
13.3446196027992	1500
13.704025492949413	1520
14.484174294406413	1540
14.61643677877627	1560
14.919319507621273	1580
15.439090966470843	1600
15.548897588499075	1620
15.66074398427359	1640
15.801539186671617	1660
16.212219880343675	1680
16.341340118644425	1700
16.56544600008669	1720
16.815461566119094	1740
16.833156501457914	1760
16.9605332728941	1780
17.254688339574127	1800
17.84974964210815	1820
17.889708736737603	1840
17.89259896318772	1860
18.021320420582775	1880
18.033328084398462	1900
18.088608043923195	1920
18.207501708167122	1940
18.438717297175945	1960
18.439132612271237	1980
18.495405098820655	2000
19.00096629103259	2000
19.281390399324525	2000
19.38093105313331	2000
19.53480387839098	2000
19.594191350027497	2000
19.652560268451914	2000
19.692333906219663	2000
19.902512128250606	2000
20.112049665147044	2000
20.12008239660404	2000
20.21781585126182	2000
20.276606581019767	2000
20.288264261507475	2000
20.31690286833605	2000
20.407606701062114	2000
20.536971576012927	2000
21.235793068799065	2000
21.38797573727291	2000
21.54767461010542	2000
21.61931746421309	2000
21.664184728196993	2000
22.080348811358547	2000
22.468727763434114	2000
22.526124385853407	2000
22.653021211206454	2000
22.70153185800069	2000
22.764922267786144	2000
22.998601953257744	2000
23.024076891381412	2000
23.531698561293965	2000
23.559518096709223	2000
23.68283443679416	2000
24.26505489675051	2000
24.415886421606544	2000
24.46156254110915	2000
25.269879511609027	2000
25.33383158802096	2000
25.34561591081901	2000
25.49642412225072	2000
26.05653062914607	2000
26.461395046537554	2000
26.477373742683007	2000
26.591864074264723	2000
26.61882256247841	2000
26.821392531232302	2000
26.974245498650358	2000
27.052782517093902	2000
27.09903124698935	2000
27.706071411811937	2000
27.76320510746053	2000
27.97562702570971	2000
28.22011491971085	2000
28.333901511892268	2000
28.51815633913421	2000
28.5205544781572	2000
28.81099533390953	2000
28.850148489516783	2000
29.22711033930205	2000
29.5835617403814	2000
29.96570460960548	2000
30.031589524152228	2000
30.17231826449496	2000
30.211210658849712	2000
30.658289521125145	2000
30.700543494022863	2000
31.01735423493787	2000
31.316771640003964	2000
31.330577710669886	2000
31.338735868128076	2000
31.80258776389676	2000
31.895684153203312	2000
32.0617600505919	2000
32.35998633993218	2000
32.61040368968013	2000
32.68016128882886	2000
32.72379705026299	2000
32.92711865196229	2000
33.216457045807964	2000
33.814915869888786	2000
34.132653011117455	2000
34.13699947444502	2000
34.21525618285575	2000
34.56496140603136	2000
34.897216624358805	2000
35.38832316700503	2000
35.67987847786196	2000
36.243706546209424	2000
36.511065952027224	2000
36.5134069476682	2000
36.55584567981888	2000
36.68513394650591	2000
36.735238410668586	2000
36.8823683611396	2000
36.96682244557541	2000
37.144197550524154	2000
37.22316014901545	2000
37.25508008853119	2000
37.39397896059961	2000
37.762316541248396	2000
37.92470477327874	2000
38.43212284467541	2000
38.59498772223277	2000
38.64696077460692	2000
38.833057132922654	2000
38.942598108002684	2000
39.028475347102436	2000
39.123389257987014	2000
39.68624689648644	2000
39.89621241240026	2000
39.98940789194248	2000
40.10758103435952	2000
40.87053146009307	2000
40.99113249963069	2000
41.19527401831743	2000
41.407105516148114	2000
41.56950612212055	2000
41.86134587747505	2000
42.25950532008265	2000
42.315143414595475	2000
42.39195227244475	2000
42.43403672168523	2000
42.48689266305614	2000
43.04676781477253	2000
43.084329342138005	2000
43.43572928863762	2000
44.154753924028086	2000
44.31294499140248	2000
44.330223964113834	2000
44.35839456827452	2000
44.49530851901141	2000
44.77241555708469	2000
44.89043371931613	2000
45.07555347724102	2000
45.21872634959837	2000
45.29784471157967	2000
45.72594444466826	2000
45.792329792241866	2000
45.98469568472224	2000
46.02385705674963	2000
46.16180506773689	2000
46.197888875726875	2000
46.29755154536117	2000
46.305379548630455	2000
46.399318938250424	2000
46.443747011900214	2000
48.2126345230948	2000
48.331222979245844	2000
48.38968392915994	2000
48.44286532547101	2000
48.490808134130035	2000
48.531034754581064	2000
48.77826826337971	2000
48.8470977442723	2000
49.166970729120465	2000
49.538538785127336	2000
50.20635605104874	2000
50.261776185588076	2000
50.42890912046732	2000
50.50272907495672	2000
50.819816506435	2000
50.83561165111989	2000
51.0813602482185	2000
51.149755788914376	2000
51.15824902761804	2000
51.29207616357163	2000
51.483152274183446	2000
51.70264060834848	2000
51.91873995760803	2000
51.922237674308406	2000
51.961386061051115	2000
52.009392158498706	2000
52.139871564319094	2000
52.41057830884934	2000
52.725978005200375	2000
52.75903684601624	2000
52.823387029556756	2000
53.10788663198262	2000
53.37433392316211	2000
54.168770313161914	2000
54.302091028558635	2000
54.37791904680048	2000
54.673875707226756	2000
54.688813564470294	2000
54.69241512773353	2000
54.731436152075325	2000
54.78366271089343	2000
55.314369525056925	2000
55.360526947909534	2000
55.41682070773447	2000
55.600185929123924	2000
55.603244948715286	2000
55.81598234834124	2000
56.08409900602609	2000
56.11889718897739	2000
56.17591049559366	2000
56.26064808382841	2000
56.374835139522524	2000
56.55836112190745	2000
56.64571505092959	2000
56.76559346267367	2000
56.901644658983074	2000
57.149359748151966	2000
57.27992373814024	2000
57.697180797655925	2000
57.888932137469155	2000
58.118411136595405	2000
58.22477528868777	2000
58.47751524091879	2000
58.53716259754162	2000
58.573860103262135	2000
58.5892482855719	2000
58.67987155356226	2000
58.739201163487195	2000
58.82759059802971	2000
58.91120129098051	2000
58.91568461909018	2000
59.45635416573025	2000
59.641548032526615	2000
59.77990862463236	2000
60.2024250345269	2000
60.29597572963922	2000
60.32156297984195	2000
60.5047157364231	2000
60.57189037312372	2000
60.67265158860886	2000
61.07758809759374	2000
61.323618416368966	2000
61.41283818912308	2000
61.417796774391846	2000
61.691239856185426	2000
61.80235911061272	2000
61.89631167235671	2000
62.21088593379248	2000
62.62005287908907	2000
62.889732216397014	2000
62.91391951925322	2000
62.97143684767696	2000
62.9940330810554	2000
63.20127061946411	2000
63.31375003262231	2000
63.374046342169486	2000
63.50151463612549	2000
63.80187619339183	2000
64.13202703549766	2000
64.20543254929463	2000
64.5995795664954	2000
64.77619616990837	2000
64.85966443214231	2000
65.26558310467694	2000
65.45951730050795	2000
66.0234929843711	2000
66.08034062320166	2000
66.42060738391501	2000
66.73684368921276	2000
66.90809012800518	2000
67.2302258671067	2000
67.30770505022933	2000
67.38980881124553	2000
68.21227625276661	2000
68.32139758258984	2000
68.61227087613071	2000
68.67306092159411	2000
68.6977467976857	2000
69.0961086463234	2000
69.43710826071926	2000
69.77434458022243	2000
69.81636426395129	2000
70.00675268673633	2000
70.32743602632704	2000
71.63163445339991	2000
71.88431204605207	2000
72.04455878092526	2000
72.08495715191663	2000
72.09587207491464	2000
72.18131937315975	2000
72.2528575729833	2000
72.72528285596115	2000
73.74278820616061	2000
73.79866246247437	2000
74.23763132730522	2000
74.2397540278183	2000
74.44566637234304	2000
75.27476824902871	2000
75.33400189421813	2000
75.47772484081811	2000
75.96307269796763	2000
76.08535960006043	2000
76.1343560919943	2000
76.32550762689937	2000
76.627953447812	2000
77.24998186864333	2000
77.30636117003425	2000
77.31742695171634	2000
77.36113582166726	2000
77.96376771565939	2000
78.16096404130114	2000
78.21513854649997	2000
78.6430600100213	2000
78.73585258745494	2000
78.77051101484547	2000
78.82555802816331	2000
78.97171292590698	2000
79.08811350355052	2000
79.21270180078882	2000
79.30640812362823	2000
79.32879326032446	2000
79.5344002690943	2000
79.71327217816061	2000
80.00782215386054	2000
80.24417291162096	2000
80.31203029800233	2000
80.98377863451167	2000
80.99677689920507	2000
81.10446611643147	2000
81.43705514187187	2000
81.61019983831191	2000
81.72844111193692	2000
82.04105471676826	2000
82.12063168483851	2000
82.4569863773546	2000
82.72648571697503	2000
83.13902385247523	2000
83.29692742972489	2000
83.3536298225584	2000
83.49092921713606	2000
83.88747622979398	2000
84.08565106912049	2000
84.38161427602267	2000
84.43300250585263	2000
84.93503004325419	2000
84.94226485104167	2000
85.0671165707037	2000
85.44903948649883	2000
85.7774442297114	2000
85.80651169941157	2000
85.96623038605841	2000
86.2419713542779	2000
86.55885009713762	2000
86.66391834296601	2000
86.93033925440358	2000
86.94979149836716	2000
87.14948781179913	2000
87.22552170405613	2000
87.53298358313707	2000
87.65782030497321	2000
87.81343982610224	2000
87.95832756903083	2000
88.15875316287003	2000
88.27212861049031	2000
88.32698596986725	2000
88.67670289201055	2000
88.68975888674326	2000
88.88996948963906	2000
88.99747794418126	2000
89.39779156669809	2000
89.73973990614935	2000
89.7466976579158	2000
89.81493628727944	2000
89.82851869455544	2000
90.02826531118318	2000
90.34067180445865	2000
90.44192974826588	2000
90.53032048217005	2000
90.75348281122592	2000
90.96125878676467	2000
91.14449085540407	2000
91.1598254881575	2000
91.5642941743705	2000
91.62611143621874	2000
91.84467008289349	2000
92.25189413066079	2000
92.7524621197553	2000
92.90037936494254	2000
93.0911649463559	2000
93.11736026682779	2000
93.16877452690088	2000
93.26579795747767	2000
93.33921617513452	2000
93.410041696865	2000
93.79561466642686	2000
93.93852597232214	2000
94.02031230733205	2000
94.71011509933675	2000
94.77854325420287	2000
94.98906378154963	2000
95.12669263515201	2000
95.2410408193003	2000
95.69590504073703	2000
95.93981594636251	2000
97.06132233791912	2000
97.42652937024867	2000
97.79562513485196	2000
97.79863607694445	2000
97.96665072454662	2000
98.27877543284868	2000
98.54296560798804	2000
99.09230234898659	2000
99.15899521731876	2000
99.67579573830113	2000
99.94473209288309	2000
100.07225700854396	2000
100.07280127938093	2000
100.34180547152955	2000
100.63012368338312	2000
100.72817331674763	2000
100.8784215012656	2000
100.93159740676576	2000
100.93428464375162	2000
101.3189020165378	2000
101.40603416812255	2000
102.00216155109058	2000
102.08859271488622	2000
102.23324187943287	2000
102.34435260036996	2000
102.66015887984801	2000
102.84817707441019	2000
103.05440554594264	2000
103.55426847060326	2000
103.64658065431216	2000
104.20055948115991	2000
104.55739383497685	2000
105.04886737526915	2000
105.16573414179861	2000
105.64164681169068	2000
106.21400639351278	2000
106.25464996712019	2000
106.42549260238262	2000
106.57085591046841	2000
107.19378417215195	2000
107.45970803703999	2000
107.63374450068113	2000
107.70002399622791	2000
107.90288194036462	2000
108.52650649820599	2000
108.7767513666268	2000
109.53526854734443	2000
110.20511338286629	2000
110.52458236519091	2000
110.97511818855502	2000
111.0623140653888	2000
111.26847667322124	2000
111.27754448061788	2000
111.30043682442265	2000
111.8027563705532	2000
112.05248996197325	2000
112.51809168850026	2000
112.58597042433055	2000
112.59868032938599	2000
112.67520875570567	2000
112.8290753297299	2000
112.85536182825106	2000
113.38997028187839	2000
113.44476081580913	2000
113.49613066928643	2000
113.61916086047485	2000
113.67077498530834	2000
114.03278279077135	2000
114.05202038380153	2000
114.08450162755432	2000
114.70601421043378	2000
115.0283990566518	2000
115.32926200048932	2000
115.51497439949834	2000
115.5665198452806	2000
115.61695483527542	2000
115.83957878202798	2000
115.94028437812823	2000
116.27825953908093	2000
116.85295938093317	2000
117.01739084566965	2000
117.08240835464775	2000
117.36832235194696	2000
117.4442235376338	2000
117.66911997270846	2000
117.92704575715076	2000
118.1990418375819	2000
118.20325838584922	2000
118.60081009238924	2000
118.60238277675634	2000
118.8048231302498	2000
118.85351968419255	2000
119.31355859765958	2000
119.36771584184399	2000
119.41345028995893	2000
119.49619819945372	2000
120.12209278519036	2000
120.41513639234456	2000
120.54928908311783	2000
120.63288345977539	2000
120.77011073248909	2000
120.97176923051825	2000
121.2652320312188	2000
121.32248886838941	2000
121.62082080078258	2000
121.74751045915714	2000
122.28650532391565	2000
122.44508280995417	2000
122.52790107164508	2000
122.53968897942644	2000
122.8970827948817	2000
123.17516152896302	2000
123.22846503918916	2000
123.80240277172072	2000
124.43561756236468	2000
124.48527417683489	2000
124.84917824780099	2000
125.13682264810643	2000
125.30054535309819	2000
125.31155922920918	2000
125.53116993399505	2000
125.5413662321641	2000
125.59064854663958	2000
125.75700943488283	2000
125.87063823622246	2000
126.61717921082656	2000
126.64300832347315	2000
126.65093294336393	2000
126.90313103418943	2000
127.01576230502806	2000
127.07887305834778	2000
127.3027251855236	2000
127.3191889669137	2000
127.81133873022124	2000
127.91887647026839	2000
128.26442302316815	2000
128.32832084268068	2000
128.47644576010242	2000
129.46344197073023	2000
129.7938108551085	2000
129.90427542913	2000
129.98280128383442	2000
130.29457031452813	2000
130.38749544973703	2000
130.48381074274718	2000
130.50488511633117	2000
130.62122736659052	2000
130.64190366812034	2000
130.75842412073408	2000
130.9106320864454	2000
131.28127934480764	2000
131.3766149434792	2000
131.39915842153434	2000
131.5960380666677	2000
131.6136505477828	2000
131.96204317307752	2000
132.07289734902292	2000
132.3879485912018	2000
132.49683303960472	2000
132.70337430675386	2000
132.9420986764422	2000
133.24269234918697	2000
133.31526897177966	2000
133.48620378766842	2000
133.54635261741583	2000
133.9842667289452	2000
134.00070778492903	2000
134.4107451470832	2000
134.62070620446286	2000
134.78545624243637	2000
134.82429201426777	2000
134.96702461387045	2000
135.37831874725006	2000
135.43075985414202	2000
135.47586713981698	2000
135.63211852748955	2000
135.69944586764052	2000
136.06074288518855	2000
136.24814669335336	2000
136.6139351000977	2000
136.6421313642541	2000
136.67828074405122	2000
137.0243351467421	2000
137.0257254448168	2000
137.13593424364115	2000
137.23239481499937	2000
137.62810249836843	2000
137.67561018772952	2000
137.71028938268947	2000
137.92368815094616	2000
137.97206670205352	2000
138.35711185469881	2000
138.48962812032372	2000
138.9487532926587	2000
139.68257468463932	2000
139.7395332312479	2000
139.88634842878938	2000
140.2360137741511	2000
140.57667430953109	2000
140.61607962554035	2000
140.73013058527533	2000
140.85816417397245	2000
140.8858407834888	2000
141.35416483134887	2000
141.49221346094882	2000
141.51279204144598	2000
141.63110480084404	2000
142.01539412211858	2000
142.36600597014427	2000
142.3863836144874	2000
142.55113207643663	2000
143.1107629832882	2000
143.39670318844918	2000
143.56523981684524	2000
143.82976420636237	2000
144.28101189896773	2000
144.536672623266	2000
144.5725457034702	2000
144.62288251446833	2000
144.748451791174	2000
145.01579694701877	2000
145.2236376660121	2000
145.47173854917065	2000
145.49719534179783	2000
145.58584278352	2000
145.62928920081308	2000
145.70845726820625	2000
145.74890439411845	2000
145.77094439314752	2000
145.89551224288908	2000
146.20856224386117	2000
146.39274193039003	2000
146.42432040316467	2000
146.51547903451097	2000
146.7755664842429	2000
147.26411189904601	2000
147.7759787220594	2000
148.34483854861654	2000
148.65926712658032	2000
148.7348821192302	2000
148.87870281229786	2000
149.12032201119317	2000
149.4636808892986	2000
149.6813773454157	2000
149.79279343697758	2000
149.8634891283553	2000
150.6822118337775	2000
150.91992869320492	2000
150.9327296259985	2000
150.94993969258527	2000
151.07669133597065	2000
151.29276077884273	2000
151.35493459273803	2000
151.68430568577415	2000
151.75539278565296	2000
152.32595632059414	2000
152.44186906729652	2000
152.4498850175535	2000
152.8308365694035	2000
152.89674530952905	2000
152.96399063334388	2000
153.40936507614435	2000
153.45681992144617	2000
153.56542252314307	2000
153.6252994421484	2000
153.71082490900798	2000
154.07101841679028	2000
154.12561483934059	2000
154.21166743318747	2000
154.80511107298656	2000
155.0400973369027	2000
155.04414339943443	2000
155.13823141711092	2000
155.19042652026693	2000
155.25540431276846	2000
155.27027027061655	2000
155.37850993791338	2000
155.61638229931302	2000
156.0974529153169	2000
156.56511132522482	2000
156.6177747585076	2000
156.84926614872518	2000
156.9143567459338	2000
156.9894239920053	2000
157.1505370531815	2000
157.23113043926423	2000
157.34671090332367	2000
157.37190013747764	2000
157.39227330486912	2000
157.5794795412038	2000
158.12964113518686	2000
158.17409773956908	2000
158.49251717963807	2000
158.61240185920033	2000
158.69441261355982	2000
158.8013706700286	2000
159.45408076615092	2000
159.65463906379222	2000
159.78862344000095	2000
160.00230543593506	2000
160.2795221028171	2000
160.42754377243978	2000
160.7859418980188	2000
161.01871819248285	2000
161.25745229942078	2000
161.28495137082035	2000
161.66162624256458	2000
161.71595981245702	2000
161.84262803480857	2000
161.86930675835754	2000
162.06793543674334	2000
162.42543328655938	2000
162.5279297519302	2000
162.96431627754595	2000
163.12658875603827	2000
163.78694608280065	2000
163.86418925474038	2000
163.88992137626235	2000
163.93732902212167	2000
164.19855375432923	2000
164.23689551461786	2000
164.2721440374713	2000
164.28533150465398	2000
164.38132537868265	2000
164.44881499351558	2000
164.49874736434847	2000
164.51522564821664	2000
164.69775030240302	2000
164.8358426972214	2000
165.22164703662276	2000
165.28455297411298	2000
165.50202195198668	2000
165.57318673986532	2000
165.71560338073616	2000
165.71633171827335	2000
165.72011860583865	2000
165.89725343494908	2000
165.97666255755107	2000
166.1743094248139	2000
166.34411241907722	2000
166.5083037948816	2000
166.70685393515197	2000
166.75350911261043	2000
166.79046471501724	2000
166.92769497096404	2000
166.94999960808602	2000
167.0466012698501	2000
167.3491596389465	2000
167.64909390194012	2000
167.8158154293122	2000
168.08215519971301	2000
168.6181526487377	2000
168.75697457362597	2000
168.76876285620543	2000
168.8601406919255	2000
168.89628958459306	2000
168.90521113812773	2000
169.10335552064632	2000
169.35022593119805	2000
169.39405317175408	2000
169.50281688772725	2000
169.57937411817946	2000
169.58409537688829	2000
169.59638849085465	2000
169.76237790801522	2000
169.8587424610565	2000
170.06412703897095	2000
170.13092297197855	2000
170.21945402742423	2000
170.357627355093	2000
170.3589945350521	2000
170.73665461673173	2000
170.83423353679885	2000
171.24270100914768	2000
171.42662414042232	2000
171.54460724936115	2000
172.2480205780476	2000
172.3490483347765	2000
172.5880525562645	2000
172.77670885602376	2000
172.7879139006541	2000
172.92506903275878	2000
172.96058189478802	2000
173.05295262868745	2000
173.3281147608303	2000
173.51393422292261	2000
173.65239501174742	2000
173.7597376803854	2000
173.9696736584589	2000
174.1561558186241	2000
174.2396916077529	2000
174.40400102251806	2000
174.56867254205463	2000
174.90749746620122	2000
175.25175665103365	2000
175.50868958944127	2000
176.0726985487119	2000
176.1186960467368	2000
176.13255072254583	2000
176.3001020234356	2000
176.45577697141778	2000
177.22371634867642	2000
177.41327611790555	2000
177.7742298841966	2000
178.15098335240043	2000
178.15618199685136	2000
178.3821310506866	2000
178.68583208736936	2000
178.70684509181672	2000
178.96566472456132	2000
179.49914766830716	2000
179.8505110804535	2000
180.29085018205714	2000
180.4211241473524	2000
180.42431456687814	2000
180.72821888271403	2000
180.8104623164027	2000
180.91964382404552	2000
181.4037241034959	2000
181.59195744566438	2000
181.79807457084806	2000
182.69705247501125	2000
182.8975851221672	2000
182.97992609786303	2000
183.03644455995254	2000
183.13056268137234	2000
183.38738379322837	2000
183.47245985736717	2000
183.52332343158272	2000
183.55428548178466	2000
183.58640220785514	2000
183.90971613789716	2000
183.98172069965713	2000
184.07486688067817	2000
184.23747459778198	2000
184.5578862888138	2000
184.85364764248672	2000
184.88958078937415	2000
185.43005342690623	2000
185.4730719656459	2000
185.5556225338021	2000
185.5729735088823	2000
185.79257404069193	2000
185.86802710753432	2000
186.00184516146814	2000
186.68363058005724	2000
187.05815485434124	2000
187.07446685554723	2000
187.7820345983295	2000
187.99997874011493	2000
188.01237733125095	2000
188.1607554773992	2000
188.18108253358722	2000
188.50675357749498	2000
188.87264589920164	2000
189.13327703053105	2000
189.63434612559436	2000
190.06738620711624	2000
190.3041161670186	2000
190.33444744443648	2000
191.07817585626836	2000
191.20654511160907	2000
191.25546049483765	2000
191.74750560435294	2000
191.9878509334588	2000
192.07201136306233	2000
192.0841302214381	2000
192.74096962648846	2000
192.77591744998625	2000
192.93921710329525	2000
193.16962306329464	2000
193.75667262534577	2000
193.94105772886525	2000
194.05021246518163	2000
194.05478492375403	2000
194.21769462317476	2000
194.41851955842694	2000
195.0924366792877	2000
195.2275574586755	2000
195.41796691247654	2000
195.4220730370938	2000
195.70625046179953	2000
195.73167550822956	2000
195.73719499025844	2000
195.8612044741964	2000
196.02725249419692	2000
196.34563150179628	2000
196.73430010235307	2000
196.77153204144932	2000
196.94085994642552	2000
197.09130769314436	2000
197.1696203041681	2000
197.404351310173	2000
197.74389165835169	2000
197.77476335779536	2000
198.39517722983624	2000
198.48547100520915	2000
198.52375210613215	2000
198.61038482956016	2000
198.69148343532163	2000
198.69767766380625	2000
198.9299529450207	2000
198.97179411742124	2000
199.1362939030919	2000
199.43291806924103	2000
199.6711022105351	2000
199.71155297598446	2000
199.72620520071337	2000
200.05865120111943	2000
200.3755961657857	2000
200.394771187455	2000
200.45120206520664	2000
201.7845234226402	2000
201.8361315423144	2000
201.92875938304158	2000
201.99973668598437	2000
203.02912299589346	2000
203.03323652201271	2000
203.15523212556488	2000
203.35676073261317	2000
203.60359163543114	2000
203.72942758485937	2000
204.02163135014018	2000
204.31984489468994	2000
204.4061486651769	2000
204.55187610574174	2000
204.89999988996362	2000
205.00163619409545	2000
205.04766248630634	2000
205.04816964184542	2000
205.05299155658338	2000
205.22165445211888	2000
205.43938956943367	2000
205.4547764593383	2000
205.52150445109496	2000
205.94633882311203	2000
206.02224959307694	2000
206.07723526663094	2000
207.03459563035796	2000
207.09517155870046	2000
207.1304045582862	2000
207.13222335457579	2000
207.21145985422973	2000
207.33717168722697	2000
207.6825859554204	2000
208.18315104212445	2000
208.42336583013386	2000
208.56740029675626	2000
208.96889507537654	2000
209.00228362878124	2000
209.00249640862677	2000
209.0259656690117	2000
209.421918769713	2000
209.59984089762258	2000
209.64263579671186	2000
209.77214596227682	2000
209.81652029035587	2000
209.8485652041876	2000
209.92890781837343	2000
210.11792051168246	2000
210.3447091880167	2000
210.45903400486895	2000
210.55437220947098	2000
210.60667324086256	2000
210.83742623081082	2000
210.95536863648474	2000
210.96039121823284	2000
211.18046716465	2000
211.38000184672103	2000
211.76799938424708	2000
212.11546135874926	2000
213.121865664606	2000
213.1681517737525	2000
213.57243586779668	2000
213.70839935138437	2000
214.1210828268196	2000
214.55857112999317	2000
215.20952066841372	2000
215.473969921799	2000
215.47857136659363	2000
215.66192102718787	2000
216.05256898889635	2000
216.06312980735007	2000
216.3614488890236	2000
216.60583586450562	2000
216.70248788629615	2000
217.34788650245085	2000
217.57403298194626	2000
217.64413049872292	2000
217.7268492526083	2000
218.0978189965978	2000
218.28443295266845	2000
218.48701592237526	2000
218.50246966636152	2000
218.64341976902205	2000
219.59422353807042	2000
219.61326638957584	2000
219.64045872762532	2000
219.9923697428409	2000
219.99620993963487	2000
220.33676379611342	2000
220.47476307714012	2000
220.57360535108214	2000
220.69528604470383	2000
220.7851893815559	2000
221.01181252787032	2000
221.41456928886123	2000
221.84966783495582	2000
221.86207516818845	2000
222.2115492181898	2000
222.58013562364343	2000
223.27639042037526	2000
223.60619216045075	2000
224.0641932595928	2000
224.10296763808526	2000
224.51626892608994	2000
224.82857017880696	2000
224.91166603653392	2000
225.61090899337418	2000
226.08041429660605	2000
226.61941549704815	2000
227.21763944264657	2000
227.319176253216	2000
227.5495952290771	2000
227.78429862518064	2000
227.91557464292038	2000
228.18187292760902	2000
228.18407060401685	2000
228.22189119323997	2000
228.2573245412264	2000
228.38284814219867	2000
229.03926160720553	2000
229.17455223378872	2000
229.2581116046592	2000
229.60190801815878	2000
229.70012609923242	2000
229.76618466409266	2000
230.43400168166625	2000
230.57966260185594	2000
230.7011375470468	2000
231.18940898506065	2000
231.3466381983184	2000
231.44077044911776	2000
231.78852541999402	2000
231.81677556164533	2000
231.88528026637098	2000
232.0243655317487	2000
232.20091153713736	2000
232.34768633726114	2000
232.60358544670297	2000
232.87069157922645	2000
233.58606971489317	2000
233.76873128456936	2000
234.02489409724302	2000
234.47305202818623	2000
234.53382657256685	2000
234.58000297645384	2000
234.65955784065545	2000
234.9008879056438	2000
234.94755559680652	2000
235.14214513737537	2000
235.2444785821375	2000
235.80126904265484	2000
235.80302227185894	2000
235.82958403976377	2000
235.9029076204076	2000
235.997151680843	2000
236.0620039786675	2000
236.21693832763347	2000
236.251636530272	2000
236.82287376602872	2000
236.89558305088082	2000
237.10344777341862	2000
237.80121640695555	2000
237.96576739631445	2000
238.23885060680976	2000
238.37996233029494	2000
238.39468516515248	2000
238.51332558258687	2000
238.6374293336064	2000
238.6887051582025	2000
238.75453291994134	2000
239.61868731718312	2000
239.69800468739317	2000
239.97247822773843	2000
240.030674550062	0
240.0754592867062	20
240.15114384312196	40
240.1664807623052	60
240.62570545635236	80
240.8883357022606	100
240.97815203792618	120
241.28012456259296	140
241.42902224938743	160
241.58018114803903	180
241.62876597282644	200
241.8497154675396	220
242.14473834104498	240
242.41296254907456	260
242.4906369574891	280
242.49498353311938	300
242.63601880029452	320
242.75038438180707	340
242.8514850148826	360
243.01097877416214	380
243.2176909981267	400
243.65509925246707	420
243.77604050400308	440
244.33804653127763	460
244.36418991557753	480
244.68312091721208	500
244.83199572462632	520
245.0611372340657	540
245.2095965949394	560
245.22655959540114	580
245.41560425247116	600
245.92770053960922	620
245.9584710894805	640
245.97066275044557	660
246.25082386449313	680
246.73229748891777	700
246.74329509821223	720
246.7775533763798	740
246.83879813508148	760
246.9875622007476	780
247.05951877276152	800
247.1668952497976	820
247.43348448552842	840
248.19727150336	860
248.2210448220303	880
248.2672704882451	900
248.48105750390198	920
248.70072051083153	940
248.84650393554753	960
249.02715543735843	980
249.35255170705648	1000
249.63114012981865	1020
249.75972857750014	1040
249.8311122725834	1060
250.1443515308864	1080
250.19630405367326	1100
250.58668687396056	1120
250.70153719623414	1140
250.8343684791084	1160
250.89128834747316	1180
250.94523369106787	1200
251.24403246924996	1220
251.4413598084989	1240
252.1484986213163	1260
252.26457748830924	1280
252.33123150503354	1300
252.58046700850366	1320
252.59536521793035	1340
252.60520037586434	1360
252.705749093774	1380
252.78212866677984	1400
252.86526720876049	1420
252.86619670183177	1440
252.91949762470415	1460
253.17549070543248	1480
253.52095138560344	1500
253.78905246797447	1520
253.8113075309037	1540
254.03594688019433	1560
254.05113065039876	1580
254.4034538482345	1600
254.41353759239917	1620
254.64796883839423	1640
254.8606020775821	1660
254.9634440436565	1680
255.435764562135	1700
255.44231486476193	1720
255.51278465552076	1740
255.87223150140832	1760
256.1036560777442	1780
256.1262475931333	1800
256.44197876166174	1820
256.48350337365514	1840
256.59017201865225	1860
256.78169326531093	1880
256.78452841601614	1900
256.7956405670518	1920
256.90657277496763	1940
257.11627361455913	1960
257.21267092894476	1980
257.65955419695945	2000
258.561627642568	2000
258.6347967275326	2000
259.1801841340456	2000
259.28099106970006	2000
259.57523567514016	2000
259.6169783348912	2000
259.6324389142745	2000
260.1656140826605	2000
260.2136443871582	2000
260.47058773445684	2000
260.91855178407104	2000
261.00636059507826	2000
261.1881787906809	2000
261.7923518957538	2000
261.8498770902676	2000
262.09100501292966	2000
262.17221592060804	2000
262.2035449448854	2000
262.28310971668844	2000
262.7141682828597	2000
262.9303623665317	2000
263.097070323518	2000
263.30444728164827	2000
263.6029179222872	2000
263.6894337644112	2000
263.6991375404045	2000
263.80031812090414	2000
263.90103764543954	2000
263.9674496093131	2000
264.0485819602056	2000
264.07425649346254	2000
264.11442342731436	2000
264.18036271485767	2000
264.1949735654831	2000
264.71718187812206	2000
264.785437040085	2000
264.89771558681707	2000
265.06199032557964	2000
265.2229729174177	2000
265.2942700366144	2000
265.393564924106	2000
265.7349015757517	2000
265.8436068235064	2000
266.0819557859831	2000
266.8164213962172	2000
266.8575445014185	2000
266.88350575714315	2000
267.31405156163635	2000
267.383036236223	2000
267.69016946954474	2000
267.7545967482036	2000
267.9209121275289	2000
268.189466400954	2000
268.49308833927114	2000
268.62514803641557	2000
268.6648188025579	2000
268.8119972194621	2000
269.050486848549	2000
269.6442248132709	2000
269.67892054692663	2000
270.50945316470643	2000
270.7255871384022	2000
271.0253637982379	2000
271.05751592068134	2000
271.0789776002102	2000
271.48646137427204	2000
271.5675980473698	2000
272.49609295382515	2000
272.8524986631679	2000
272.8797576661477	2000
273.1755849552858	2000
273.37634371045067	2000
273.4088091052686	2000
273.5338368541013	2000
273.66112731734614	2000
273.7751737274372	2000
273.79967561646976	2000
274.07133080177863	2000
274.14964305068014	2000
274.19632386344324	2000
274.4790805051464	2000
274.51245037629025	2000
274.5213314800029	2000
274.71568020452304	2000
274.8422494172796	2000
275.5052463233741	2000
275.6154874227908	2000
275.8460235231403	2000
275.8877089355973	2000
275.9990323033202	2000
276.17866888076503	2000
276.36593876797735	2000
276.4735785247483	2000
276.77321066023814	2000
277.0658684005247	2000
277.15988873665003	2000
277.38076466203216	2000
277.42557980836654	2000
277.7923559375328	2000
277.8094469102463	2000
277.95495532290977	2000
277.99320788072913	2000
278.31727172769536	2000
278.32552183665877	2000
278.618360605867	2000
278.7631822984065	2000
278.76849016493594	2000
278.9432125751862	2000
279.1045332472872	2000
279.13364985257743	2000
279.8713582490927	2000
280.3124627048604	2000
281.09070684631394	2000
282.1966294272402	2000
282.7952745590809	2000
282.94211523850095	2000
282.9788379277951	2000
283.0216232197269	2000
283.04548677331024	2000
283.56423726307617	2000
283.7807081622289	2000
283.86601652793536	2000
283.90452421425715	2000
284.16292333730013	2000
284.49662884064116	2000
284.67182794713995	2000
285.1803298817169	2000
285.20119651049197	2000
285.21299061521785	2000
285.30432968882	2000
285.43429210335216	2000
285.8405980015816	2000
285.9650690833682	2000
286.1020801912535	2000
286.3355282575839	2000
286.65261078778076	2000
286.8579399151962	2000
287.00410389068725	2000
287.01772331639137	2000
288.05046536499157	2000
288.1815053262046	2000
288.45013538026643	2000
289.232909348933	2000
289.25680018652395	2000
289.3053181076568	2000
289.4937768957686	2000
289.5031698793522	2000
289.6236325056043	2000
289.63730258370975	2000
289.66090544540737	2000
289.8185815482479	2000
289.8352240493004	2000
290.2062069974411	2000
290.46654394236594	2000
290.6605851990137	2000
290.85023549876195	2000
290.9438805199889	2000
291.45010487526935	2000
291.9840989474563	2000
291.993500963308	2000
292.13488214494896	2000
292.1398643557357	2000
292.1463525302258	2000
292.4410138113318	2000
292.7383929829837	2000
292.8158085098554	2000
292.88250402635157	2000
293.98611764021155	2000
294.0808930415665	2000
294.17754407338833	2000
294.33799163954023	2000
294.92196894910245	2000
294.9399637120772	2000
295.0509697567413	2000
295.1441104262073	2000
295.26698750931223	2000
295.6215280877149	2000
295.84430341471483	2000
296.3642457008473	2000
296.40231834434314	2000
296.49820665354196	2000
296.67373312363674	2000
296.9970807142917	2000
297.16735847803284	2000
297.3947040908162	2000
297.5552840905933	2000
298.24130260336057	2000
298.6151965926886	2000
298.824493052148	2000
298.83471502224666	2000
298.9752166504144	2000
298.99940030463074	2000
299.91370316589763	2000
300.04482707752163	2000
300.12455895841583	2000
300.1420853120953	2000
300.2236283328719	2000
300.335925197568	2000
300.4133453289577	2000
301.1065846768111	2000
301.4032603528636	2000
301.9476939418528	2000
302.07218888130353	2000
302.1171737076554	2000
302.2788811210871	2000
302.3096201025953	2000
302.46045774304804	2000
302.86609985974457	2000
303.0720212442956	2000
303.54751433504987	2000
303.6435702414678	2000
304.00599968038904	2000
304.1856541989143	2000
304.26055391504474	2000
304.3407367976283	2000
304.59648907238244	2000
304.73367130981666	2000
304.8067675484982	2000
305.30010394103596	2000
305.57048493342916	2000
305.80343689657695	2000
306.0561284904271	2000
306.2189141362182	2000
306.42961433398233	2000
306.5122214375282	2000
307.0285051708304	2000
307.216560978899	2000
307.46000156764643	2000
307.5597962813415	2000
307.7075261718493	2000
307.92667651692193	2000
308.12697410571445	2000
308.2383632618056	2000
308.6974564122704	2000
308.784161126241	2000
308.80653240947566	2000
308.85128365326466	2000
309.0416266151422	2000
309.0592558693802	2000
309.3778215074131	2000
309.3938194957221	2000
309.53402713019364	2000
309.915741251523	2000
310.09132877060955	2000
310.1035124049935	2000
310.3269368250634	2000
310.7023428490857	2000
310.7764049346793	2000
310.96560297366784	2000
311.1081883036043	2000
311.18055265010906	2000
311.83613877398665	2000
311.87563158460125	2000
312.1899466585496	2000
312.26745763524525	2000
312.66639763798906	2000
312.7072553536724	2000
312.90577442612823	2000
312.9482631025305	2000
313.3494419684104	2000
313.7650944163474	2000
313.78398405642486	2000
313.8780077467521	2000
314.2676591147884	2000
314.36449089132475	2000
314.56733541662146	2000
314.9230959349266	2000
315.27064594274987	2000
315.4118883860975	2000
315.99729011339485	2000
316.176504197333	2000
316.3464138908875	2000
316.6943199367043	2000
317.1524426320999	2000
318.0367218611476	2000
318.3775756275201	2000
318.3867463077245	2000
318.5858338468451	2000
318.6753124808188	2000
318.68992529461383	2000
319.11558868284396	2000
319.5493973704517	2000
319.7498312475763	2000
320.14235839416745	2000
320.850635190838	2000
320.93877695936857	2000
321.45315336775326	2000
321.5421714051768	2000
321.7139528614594	2000
321.75955184964573	2000
321.82414537383363	2000
321.9026496168234	2000
321.98006795922885	2000
322.27252609952933	2000
322.35648349919205	2000
322.4597308409507	2000
323.3478862183954	2000
323.3500251819182	2000
323.5446462209622	2000
323.6613603768057	2000
324.31819864474556	2000
324.6052336311124	2000
324.8970362352715	2000
324.89925332820394	2000
324.9037391447406	2000
325.14996929483743	2000
325.3039859306952	2000
325.69259497099017	2000
325.74969932510805	2000
326.0558724667667	2000
326.33695301735645	2000
326.4060467757725	2000
326.45301874726454	2000
327.665816935449	2000
327.714000203356	2000
328.2511567997358	2000
328.5497307835529	2000
328.6034208834966	2000
328.8963985518195	2000
328.9081086120289	2000
329.71455598135066	2000
329.81384802253825	2000
329.8330060054874	2000
329.84020972694987	2000
330.16228745725886	2000
330.34547994322287	2000
330.80173650557464	2000
330.90734742877083	2000
331.3800923571238	2000
331.7954907081843	2000
331.9010520206981	2000
332.12163517760763	2000
332.2436915140558	2000
332.44664813909526	2000
332.96574655138784	2000
333.0645169347642	2000
333.2709253789047	2000
333.81023919602376	2000
333.9714519146695	2000
334.0445439468033	2000
334.27876834256995	2000
334.45010080544375	2000
334.89258085194024	2000
335.2504846351681	2000
335.3196345315661	2000
335.5066560537187	2000
335.6175872833551	2000
335.69694097758367	2000
335.93950974037335	2000
336.2175396593165	2000
336.29551615886453	2000
336.45768351366223	2000
336.595303592105	2000
336.74658514256896	2000
337.16338519410715	2000
337.230730519764	2000
337.26895983509195	2000
337.33653586311374	2000
337.3489172493803	2000
337.6288303127344	2000
337.63188147725333	2000
337.90544711557993	2000
338.12144013297956	2000
338.2523733715219	2000
338.34139921645954	2000
338.4927848708246	2000
338.5346589815829	2000
338.8272998354199	2000
338.9202596145891	2000
338.9848219660789	2000
338.98689542685224	2000
339.21510883632857	2000
339.2753913174638	2000
339.3441149400414	2000
339.4897223829254	2000
339.80155784825496	2000
339.8575122597615	2000
339.8945111890956	2000
339.9668288330218	2000
340.0892894416475	2000
340.09564917540814	2000
340.13334306239796	2000
340.2622676588092	2000
340.352141806803	2000
340.3696649259054	2000
340.5687028108919	2000
340.58469104233006	2000
340.72381211276235	2000
341.2545069411654	2000
341.42773833410496	2000
341.5678622249213	2000
341.6198071053258	2000
341.87533673227426	2000
341.8985268873831	2000
341.95194465877535	2000
342.0448841551072	2000
342.11221127121627	2000
342.73829406088635	2000
343.05324890824	2000
343.41762066705354	2000
343.5659404655628	2000
343.673105972503	2000
344.1948505891697	2000
344.25029565331465	2000
344.5598133332968	2000
344.98764821247704	2000
345.0296183054401	2000
345.0882280878046	2000
345.16984629258883	2000
345.23319712985926	2000
345.5773377963609	2000
345.58390520108617	2000
345.6684486159463	2000
345.76374198373253	2000
345.8413098322442	2000
346.5255434291339	2000
346.78605458715265	2000
346.9811968438407	2000
347.14193355306554	2000
347.33673497612733	2000
347.98829481071937	2000
348.08366326550316	2000
348.1908964582657	2000
348.21588170227955	2000
348.2231455248589	2000
348.2947933501433	2000
348.3558145454874	2000
348.4042429949105	2000
348.58490457209456	2000
348.641706537528	2000
348.7397617446014	2000
348.8068538187868	2000
348.9924971445131	2000
349.0643596607358	2000
349.2123347380678	2000
349.46141734983814	2000
349.5222897025848	2000
349.5552874577143	2000
350.1336434085408	2000
350.27864335353865	2000
350.39646247271895	2000
350.4389967567131	2000
350.47303430043206	2000
350.59632830724513	2000
350.65131077233787	2000
350.9447053854916	2000
351.21484953193647	2000
351.41139541413315	2000
351.75122545811024	2000
351.75471862864987	2000
351.9022013642235	2000
352.01802918886057	2000
352.4126157046313	2000
352.4535773331311	2000
352.55750075620875	2000
352.6029334318189	2000
352.71537995056633	2000
352.82510639769407	2000
353.12785797870873	2000
353.5483315622089	2000
353.681670515003	2000
353.91840804876966	2000
354.5587195214775	2000
354.79744673547725	2000
354.820836828942	2000
354.8385155635999	2000
354.93629051063874	2000
355.076044771031	2000
355.677067701639	2000
355.7318650574539	2000
356.03997493608017	2000
356.1464569827305	2000
356.42710652171894	2000
356.4869294586827	2000
356.648116131912	2000
357.02426340546083	2000
357.29401489708863	2000
357.50385230522056	2000
357.50559221120113	2000
357.51615063160574	2000
357.60670758335266	2000
357.6590526322074	2000
357.69622109034447	2000
358.16813021653655	2000
358.6461584519164	2000
359.2130851288292	2000
359.2926552714516	2000
359.3756445161098	2000
359.4390173570069	2000
359.9196715218646	2000
360.09253332172045	2000
360.634395568548	2000
361.2346836981691	2000
361.30753165601385	2000
361.31888898059964	2000
361.7032274719346	2000
361.85947270005533	2000
361.9631247715255	2000
362.13797286013096	2000
362.2553103263341	2000
362.807210546895	2000
362.89164044158497	2000
362.96718012928034	2000
363.1182130095113	2000
363.5147103004777	2000
363.6832162801496	2000
363.97572327993845	2000
363.9875172297217	2000
364.21468477477475	2000
364.5679577285593	2000
364.58499750376984	2000
364.9190639556259	2000
365.5247559039486	2000
366.0892121181403	2000
366.19757463193895	2000
366.54522444603396	2000
367.27962043041083	2000
367.392143478691	2000
367.50249491080774	2000
367.52560288595737	2000
367.7029319824115	2000
368.01991856047493	2000
368.1472301802407	2000
368.1612596188087	2000
368.21556709394446	2000
368.51819146687797	2000
368.9183570795583	2000
369.08128496932454	2000
369.7518176024905	2000
369.94169829819117	2000
370.06454767317786	2000
370.1541715386788	2000
370.47699271203624	2000
370.54417926372366	2000
370.75670562664567	2000
370.9696151784227	2000
371.3337884641263	2000
371.34351774355997	2000
371.5289082885251	2000
371.69180198852797	2000
371.90706374644765	2000
371.939099056601	2000
372.2078067144972	2000
372.95353388031975	2000
373.388553625606	2000
373.66940099780925	2000
373.98727074880225	2000
374.0082525620899	2000
374.03848513415306	2000
374.19601539676137	2000
374.4128605602255	2000
374.4387731405126	2000
374.92149879772387	2000
375.1674488681751	2000
375.2803761055048	2000
375.366516085554	2000
375.38936509018777	2000
375.6073158146988	2000
375.9456357707626	2000
376.0806996832689	2000
376.3245030658665	2000
376.5624239833403	2000
376.71409785071876	2000
376.86147010213216	2000
377.21572713392584	2000
377.5076343737602	2000
377.6963226522838	2000
377.7403589400454	2000
377.9684043703212	2000
378.1327811907693	2000
378.2303707681758	2000
378.35793615316817	2000
378.5767797530671	2000
378.6658329746276	2000
378.926108999736	2000
378.97875406370497	2000
378.98714708302714	2000
380.033812553262	2000
380.20579614724227	2000
380.2333415135458	2000
380.74318686189355	2000
380.7956241357093	2000
380.8039045874439	2000
380.894818827601	2000
380.99029835027005	2000
381.1160333232663	2000
381.1489773728854	2000
381.2704051645346	2000
381.8320344539381	2000
381.89270834728916	2000
381.9405066532648	2000
382.019544628042	2000
382.7184562533685	2000
382.7592816368634	2000
383.0155933148766	2000
383.133018014525	2000
383.6729653049101	2000
383.9787107064223	2000
384.1421246416859	2000
384.7315762415247	2000
384.8397264827417	2000
384.96985390882287	2000
385.2242536504926	2000
385.76784672921275	2000
385.9036150078157	2000
385.96958140378257	2000
386.0962111984497	2000
386.535293121999	2000
386.6191028302081	2000
386.65593697362783	2000
386.8485078095456	2000
386.9052395222567	2000
386.93425737705957	2000
387.0333932627148	2000
387.2524254536189	2000
387.85953914419946	2000
388.0476258984293	2000
388.2304754573785	2000
388.51887153030617	2000
388.94938184581576	2000
388.9710971770252	2000
389.2137277527372	2000
389.26738506823926	2000
389.3209061247484	2000
389.6920523317185	2000
389.8865233292207	2000
389.93013201582437	2000
390.25858375741916	2000
390.2717809532672	2000
390.36333464259394	2000
390.42067131219216	2000
390.487776261504	2000
390.55623552736796	2000
390.64758052139615	2000
390.6533486035338	2000
390.70485202680686	2000
390.74062405459546	2000
391.0222296019818	2000
391.06412394909245	2000
391.17228032611786	2000
391.54933695646037	2000
391.56839765416083	2000
391.7464005874209	2000
391.85164349260117	2000
392.0230424150803	2000
392.26018015527717	2000
392.48093365358324	2000
392.64813701198426	2000
392.73892573176926	2000
392.9894464204467	2000
393.0985582188736	2000
393.5024194647522	2000
393.78168507749126	2000
393.98734122688063	2000
393.99974649052405	2000
394.00478520056447	2000
394.1018728330385	2000
394.43201364969457	2000
394.46876609418854	2000
394.6476415263629	2000
394.69538899473565	2000
394.784485796348	2000
395.5482960689534	2000
395.6403219051272	2000
395.643216158533	2000
395.7564086525842	2000
396.2616497565469	2000
396.56355743991963	2000
396.81005786032296	2000
397.3278535082328	2000
397.3334726249392	2000
397.4351096627314	2000
397.89703497245523	2000
398.20977739285763	2000
398.2487527564121	2000
398.4520945896244	2000
398.5180664689351	2000
398.93938756708144	2000
399.1695791772485	2000
399.2439700772877	2000
399.5118916793566	2000
399.6133744170999	2000
399.7346063646261	2000
399.74950164557026	2000
400.01958990398543	2000
400.8306652773181	2000
401.0573301345252	2000
401.1121452119047	2000
401.3458456396331	2000
401.9131743098082	2000
401.96067707461884	2000
401.963524700147	2000
402.583494454074	2000
402.79055961928515	2000
403.1096768550663	2000
403.18968444675585	2000
403.19588699922537	2000
403.38988274742354	2000
403.6266187497866	2000
403.72483525205894	2000
404.2192382610402	2000
404.72820542755824	2000
404.8263084345118	2000
404.8583290144032	2000
405.11858127861115	2000
405.16114363477436	2000
405.2579086176052	2000
405.36555021135206	2000
405.46358696699554	2000
405.8836825498773	2000
405.9089094022522	2000
406.0049903022656	2000
406.20870428727363	2000
406.3048025967964	2000
406.3773586098398	2000
406.3915102033126	2000
406.47066749608825	2000
406.51708977023344	2000
406.6411678724451	2000
407.6894267620218	2000
408.2225011346469	2000
408.521558369844	2000
408.69951447111157	2000
409.0033959431056	2000
409.0189863470834	2000
409.07488975627825	2000
409.16782684586417	2000
409.22204432394784	2000
409.2358520092336	2000
409.25942456681906	2000
409.3195213188418	2000
410.00364830315937	2000
410.2741829813655	2000
410.44385878368695	2000
410.6016787564757	2000
410.7073808590918	2000
410.85485862076405	2000
411.0707126724662	2000
411.51553521518815	2000
411.6660348539759	2000
411.94994789637246	2000
412.11238377999325	2000
412.2480292420604	2000
412.54051392563804	2000
412.6927789961131	2000
412.7208370333192	2000
412.8467971964436	2000
413.2370453293812	2000
413.7726870336193	2000
413.8388187489382	2000
413.8645320132226	2000
414.02656655735257	2000
414.03010764495355	2000
414.4739794028668	2000
414.57928074051836	2000
414.938871648595	2000
415.1310996836165	2000
415.24988068683126	2000
415.44007410284667	2000
415.50747660643066	2000
415.5407559911242	2000
415.8831574869724	2000
416.3387325017946	2000
416.7848401974731	2000
416.8137237508603	2000
416.9842866333454	2000
417.11693466772994	2000
417.1617095090689	2000
417.5559145806531	2000
417.6302762937961	2000
417.67504761617926	2000
417.949433145095	2000
418.01158763830495	2000
418.0561252415436	2000
418.4763306773723	2000
418.80787934770314	2000
418.90874845871116	2000
419.10587866526777	2000
419.971415458994	2000
420.0141536394384	2000
420.0267496264649	2000
420.0273054903285	2000
420.06640633140984	2000
420.21539322992317	2000
420.2341905712299	2000
420.2869850645317	2000
420.4091516504428	2000
420.52661221160406	2000
420.52806311992396	2000
420.5341487724476	2000
420.96324921143696	2000
421.1778734765326	2000
421.25352200292673	2000
421.30986496530164	2000
421.7171829025859	2000
421.73383799597997	2000
422.199750559093	2000
422.2691165524705	2000
422.33058587893566	2000
422.38688525792423	2000
422.5794448789341	2000
422.5924529925729	2000
422.62690749299617	2000
422.704293355129	2000
422.8458575477466	2000
422.8553527081394	2000
423.27807732199403	2000
423.27952275029537	2000
423.3150254789124	2000
423.3905443978001	2000
423.41892782824135	2000
423.81928845036845	2000
423.86074226694785	2000
424.40425318931915	2000
424.59016233660276	2000
424.6211293786562	2000
424.7532047466304	2000
424.9067361039003	2000
424.94142670886606	2000
424.9608149354708	2000
425.2765706007513	2000
425.30086018174603	2000
425.39178579273397	2000
425.49472316003835	2000
426.0638133516886	2000
426.2935373475837	2000
426.31591751232185	2000
426.599359256598	2000
426.71005083276435	2000
427.03003552631895	2000
427.2224845939666	2000
427.4173344572202	2000
427.4453393845687	2000
427.61769065380497	2000
427.8864043098423	2000
428.00188284179507	2000
428.05865008755865	2000
428.3271207020054	2000
429.12490312901434	2000
429.1505684150289	2000
429.58140939945724	2000
429.7221585293467	2000
429.78210055600914	2000
430.01757136885067	2000
430.29730360492596	2000
430.36261606445123	2000
431.33682996635014	2000
431.3645713251703	2000
431.7966514147061	2000
431.91651687907756	2000
431.96082792195773	2000
432.15509894987207	2000
432.36112485709543	2000
432.48931386420594	2000
432.5488991274141	2000
432.75911570006065	2000
433.11718845922695	2000
433.30427668586435	2000
433.4376556695725	2000
433.837846487447	2000
434.056810533709	2000
434.10321358734103	2000
434.1338049930949	2000
434.66368396260094	2000
434.7733886856847	2000
435.0590703753619	2000
435.22397264263486	2000
435.31197173564266	2000
436.2320588807726	2000
436.5547595313681	2000
436.7042585190852	2000
436.7209083543387	2000
437.00710236414125	2000
437.15190916446863	2000
437.3551368621114	2000
437.46532750471545	2000
437.5619766179588	2000
437.58803442039044	2000
437.58946194462675	2000
437.59783868337627	2000
437.7550492961765	2000
437.92335487998287	2000
438.1661760604735	2000
438.2159277173056	2000
438.3183913781718	2000
438.3412486185675	2000
438.7664871860595	2000
439.02972246453055	2000
439.1751382718198	2000
439.5073614079812	2000
439.7605990285667	2000
439.813618444217	2000
440.2566160393345	2000
440.31742292336395	2000
440.39467091037886	2000
440.5578441578266	2000
440.7008827356042	2000
440.8342234170821	2000
441.24261637410245	2000
441.33602964604336	2000
441.45877066164314	2000
441.48202469067616	2000
441.8007866307291	2000
441.8679337851121	2000
442.01038892086507	2000
442.1424655857879	2000
442.2615080969625	2000
442.27286441495283	2000
442.33355809210883	2000
442.8509453054311	2000
442.9020010380205	2000
442.92861421692675	2000
443.10731741748907	2000
443.13992401512377	2000
443.14657300957987	2000
443.16830534254484	2000
444.03605951905877	2000
444.43008403900745	2000
444.48576694622085	2000
444.6305983480645	2000
445.26231503229764	2000
445.55467637450704	2000
445.7488533625785	2000
446.13746917934316	2000
446.2170113004647	2000
446.27347538906736	2000
446.3095516415	2000
446.4690053172081	2000
446.49740848019593	2000
446.5751390573806	2000
446.84975992308176	2000
447.09896076402055	2000
447.1092175277762	2000
447.1805467364986	2000
447.5066836575962	2000
447.6177863269739	2000
447.6257661177134	2000
447.7102010695381	2000
447.7123549036946	2000
447.739776969844	2000
448.0928382352259	2000
448.45426486804445	2000
448.53884760103074	2000
448.66509955574986	2000
448.6659590552421	2000
448.71180889437596	2000
448.84300527869937	2000
449.2762100985001	2000
449.3095743655874	2000
449.4085145715694	2000
449.858818480707	2000
449.89225203463064	2000
450.36317924947065	2000
450.37811552464336	2000
450.52745739968134	2000
450.62032827315124	2000
450.7872066306053	2000
451.28562539265795	2000
451.3268173457558	2000
451.74759082640304	2000
452.0301966187913	2000
452.07687599449804	2000
452.1688105836035	2000
452.23815341880334	2000
452.4735560366207	2000
452.7825662236131	2000
453.17340086583215	2000
453.3878529518365	2000
453.65475592924054	2000
453.66347524047245	2000
453.7266602608572	2000
453.77481282871264	2000
453.9138909167108	2000
453.97550831422205	2000
454.4683051547219	2000
455.12033854901233	2000
455.19072095128666	2000
455.5261021838445	2000
455.81913202770886	2000
455.86418599269007	2000
456.06280804366384	2000
456.08319752686566	2000
456.2320408471644	2000
456.26998213357314	2000
456.5973008593817	2000
456.6399897873811	2000
456.65943244470236	2000
456.7225923410908	2000
456.8886371700874	2000
456.94284783868784	2000
457.27364926519806	2000
457.35276907788557	2000
457.618883278076	2000
457.743776344933	2000
457.8179718740689	2000
457.8434137984041	2000
457.8443335128471	2000
458.02573246226063	2000
458.48154439341545	2000
459.081274185204	2000
459.18442013924056	2000
459.3557353077465	2000
459.80612580380716	2000
459.83519679540973	2000
460.0021284267487	2000
460.0577324751976	2000
460.1768460263875	2000
460.8697876697293	2000
461.2284511136289	2000
461.5433034681522	2000
461.646557448483	2000
461.6624456616577	2000
461.9431078713208	2000
461.96934100157256	2000
462.6237759212234	2000
462.77265299002227	2000
463.3189595563556	2000
463.43337175902707	2000
463.7811594683663	2000
463.8686105084442	2000
464.06627449311327	2000
464.17566008057696	2000
464.3233943746326	2000
464.40629820054227	2000
464.6107816984588	2000
464.65708456789537	2000
464.81950977575684	2000
465.32357255479434	2000
465.74531743713857	2000
466.36421132162485	2000
467.1705048751659	2000
467.2204372553965	2000
467.28113159287136	2000
467.40806908478345	2000
467.54264086426656	2000
467.56299702080054	2000
467.8028288547437	2000
467.9639774737394	2000
468.2686640083345	2000
468.3777307930876	2000
468.60165883429494	2000
468.60523893896516	2000
468.7465236216634	2000
469.1241831743071	2000
469.2473928611856	2000
469.2792105526488	2000
469.3153915075222	2000
469.9097202885146	2000
470.0700388124131	2000
470.11655355959425	2000
470.1781775284403	2000
470.29104033514767	2000
470.96845853759606	2000
471.0407237872758	2000
471.2806343817253	2000
471.33231789449627	2000
471.38779150799326	2000
471.496660654787	2000
471.50020410532306	2000
472.2320799796774	2000
472.62981443030924	2000
472.7713261395953	2000
472.97475995997655	2000
474.0524399579828	2000
474.2281898000479	2000
474.3310438700757	2000
474.41303372087197	2000
474.563448605072	2000
475.120870427689	2000
475.14285142448006	2000
475.20294526834704	2000
475.4875112714239	2000
475.5609153494944	2000
475.83217516052315	2000
476.12049206455015	2000
476.17524230369105	2000
476.25592316654394	2000
476.3159980787634	2000
476.67808628018736	2000
476.93119543002723	2000
476.9664142569061	2000
477.1688029457966	2000
477.5349170376832	2000
477.7395178695923	2000
478.11453392373085	2000
478.23713425104046	2000
478.3037226831028	2000
478.3135865527562	2000
478.5738738211396	2000
478.9607870170403	2000
479.00113869424666	2000
479.3125643195555	2000
479.32417362215915	2000
479.3428863520286	2000
479.3787967460067	2000
479.61550471536003	2000
479.80129804705973	2000
479.9427161371006	2000
479.9770931190839	2000
480.4256940671031	0
480.77875145773896	20
481.13666577993905	40
481.1459126551136	60
481.49973314542126	80
481.63718813263273	100
482.03363352685994	120
482.05326312127704	140
482.28737103380263	160
482.7279067875675	180
483.024324259721	200
483.1428512108928	220
483.17226810183183	240
483.3296724031139	260
483.60718263394966	280
484.00960477453367	300
484.09381090283756	320
484.17681763565207	340
484.1875963546995	360
484.29169277398813	380
484.4319756050628	400
484.49867589681014	420
484.56525573955963	440
484.74944696994737	460
485.2214845704445	480
485.227678348886	500
485.23741905994393	520
485.29202730944075	540
486.1173604772122	560
486.1278588755256	580
486.21047266978496	600
486.44833751860796	620
486.54070100261	640
486.646265257132	660
486.68911563362536	680
486.79085216376944	700
487.18747284481657	720
487.2296643352046	740
487.46060749934685	760
487.62927901893255	780
487.8979424709143	800
487.9024611061983	820
488.57733324356485	840
488.8985224995707	860
489.0560628109933	880
489.1091038140984	900
489.26279363958906	920
489.4702435364628	940
489.5915125509695	960
489.6013713997381	980
489.63863798651903	1000
489.83450939799	1020
489.89529104305785	1040
489.9153920201656	1060
490.1681212429003	1080
490.2207983765708	1100
490.24539130163924	1120
490.37192925306016	1140
491.3247429925686	1160
491.60573890535414	1180
491.64550287431877	1200
492.1649101370702	1220
492.2802873421811	1240
492.84828256540976	1260
493.3761774219841	1280
493.3972226032449	1300
493.4396246085091	1320
493.62246003635937	1340
493.7625372496117	1360
493.7719809770899	1380
494.03462681314994	1400
494.0930737018893	1420
494.266430370845	1440
494.3125513988143	1460
495.02067027237837	1480
495.05307985325044	1500
495.09184752682006	1520
495.26445661010473	1540
495.66781837603185	1560
495.75702851236974	1580
495.77400316062693	1600
495.8169580668989	1620
496.0525372276653	1640
496.71539669277246	1660
496.78902140852637	1680
497.1732647616599	1700
497.23206459037914	1720
497.2976121638903	1740
497.6907253843157	1760
497.7439686424432	1780
497.79761898166186	1800
497.89546252732566	1820
498.1904785861463	1840
498.4636605389268	1860
498.5272738207116	1880
498.5806533814456	1900
498.62362286090985	1920
499.0053813101399	1940
499.1292149849855	1960
499.2181879037595	1980
499.71107233675167	2000
499.99102243231135	2000
500.00405181420257	2000
