time(seconds)	aggragete Attack(Mbps)
0.020369320887340354	20
0.03541348700998109	40
0.06963465557322468	60
0.26083609903188304	80
0.40578209125827547	100
0.6776733851189105	120
1.0626408433256853	140
1.2862195034037416	160
1.3060116061911717	180
1.4180601142258453	200
1.5518550859449245	220
1.5566837683237116	240
1.6408819578619118	260
1.7431061016300122	280
1.7437611702076496	300
2.3271475187042925	320
2.3339729233668036	340
2.3649511465633792	360
2.502164298050267	380
2.75154629336042	400
2.774885518234797	420
2.850143577084344	440
2.8901465962056747	460
2.9308206654149376	480
2.955947090597824	500
3.0884140393067554	520
3.2326737658326934	540
3.327200839284154	560
3.388486921345143	580
3.4715045757688245	600
3.473216081535977	620
3.5114375778878664	640
3.538672700530324	660
3.7053359535302137	680
3.7837660714868977	700
3.8524767780183726	720
3.978428296195678	740
4.0299392532501965	760
4.116389067226714	780
4.358789127255334	800
4.77490755858467	820
4.817196418924484	840
4.8232534424015805	860
4.870364922884941	880
5.049692308582187	900
5.322559448985902	920
5.520102608093503	940
5.524943213799217	960
5.807785507688202	980
5.985493364023849	1000
5.988043386458434	1020
6.069627742921398	1040
6.0707128854704	1060
6.193897704598142	1080
6.249913022829013	1100
6.280497351818255	1120
6.5771726579557015	1140
6.7639963950855355	1160
6.7794564044499666	1180
6.900869564993881	1200
6.9343518931851795	1220
6.956016901914683	1240
6.973205575077021	1260
7.098403950612148	1280
7.243682876746334	1300
7.382543126806749	1320
7.510092878113254	1340
7.945471070438579	1360
8.027806784348414	1380
8.22151026035709	1400
8.573227775242444	1420
8.60335520057762	1440
8.976257746738229	1460
9.005793251901775	1480
9.04412788044786	1500
9.086326881394273	1520
9.185872578618639	1540
9.298480441397226	1560
9.844519358721138	1580
10.036021486110368	1600
10.149134971913796	1620
10.285868067391059	1640
10.541296842963277	1660
10.724600574489212	1680
10.781620467845364	1700
10.84454497280298	1720
10.92459096272025	1740
10.930121764819534	1760
11.029621193328468	1780
11.029955810836096	1800
11.117257113402129	1820
11.154174473989086	1840
11.189224250692826	1860
11.271533021919742	1880
11.285118488023349	1900
11.329966737687334	1920
11.58847707810429	1940
11.676994433098779	1960
11.705007419979935	1980
11.763597688216697	2000
11.828588019498607	2000
12.02134937454654	2000
12.021591970658617	2000
12.400728681721372	2000
12.510358948883969	2000
12.534396569423858	2000
12.665320909730996	2000
12.70608008320759	2000
12.786998469868507	2000
12.828090416119421	2000
12.90782230420629	2000
13.93179650454542	2000
13.941971532186955	2000
14.313067046285603	2000
14.440246055975146	2000
14.533657457751936	2000
14.543414211100854	2000
14.550805106248914	2000
14.643354008718584	2000
14.813868070786748	2000
14.914143216188096	2000
14.984406273295109	2000
15.49162620549635	2000
15.58140437814401	2000
15.613264450234263	2000
15.685399029043948	2000
15.735543447675816	2000
15.779010518904183	2000
16.18349925644495	2000
16.20407432991187	2000
16.251834207472676	2000
16.4617627045385	2000
16.552676935393304	2000
16.6316402139462	2000
16.68260129508996	2000
16.782308608034317	2000
17.01129299707457	2000
17.052377647600153	2000
17.098464046313072	2000
17.109128066253707	2000
17.147782388848224	2000
17.311459495096216	2000
17.401090888265674	2000
17.601854522012733	2000
17.618801893045706	2000
17.662064725335945	2000
17.809259172788433	2000
18.026848059148413	2000
18.053079521567703	2000
18.105495108267384	2000
18.131838936253203	2000
18.158434341408796	2000
18.22344040512256	2000
18.27636718746531	2000
18.454140948547792	2000
18.48218405777382	2000
18.513200287413238	2000
18.865175253665218	2000
18.952353990661422	2000
19.00382857718436	2000
19.132140377039395	2000
19.149803206953735	2000
19.174064234461287	2000
19.22234062284741	2000
19.510104237633435	2000
19.536798029075655	2000
19.558780255486294	2000
19.904782698103435	2000
20.063127594125966	2000
20.194391785138517	2000
20.38659789072875	2000
20.44910438679246	2000
20.457395489843776	2000
20.542819143947398	2000
20.63349485497017	2000
20.814620929868028	2000
21.007332095339947	2000
21.233986933738198	2000
21.405999839458133	2000
21.42377351207114	2000
21.6791378271705	2000
21.689751401696768	2000
21.71382893456472	2000
21.875468082960783	2000
22.33273808390016	2000
22.36078540219807	2000
22.486453158932314	2000
22.739062002514945	2000
22.84462494435235	2000
23.074577616587582	2000
23.13556008187635	2000
23.168293218544804	2000
23.226316017808376	2000
23.387769574443812	2000
23.418932178886294	2000
23.553229141977727	2000
23.565531203838308	2000
23.590389921911537	2000
23.615600518333732	2000
23.78415873606487	2000
23.823631799496425	2000
24.02157631451989	2000
24.425427870436835	2000
24.460884262502656	2000
24.62375869975241	2000
24.673080876190514	2000
24.7974198146736	2000
24.976769421604747	2000
25.138878747696243	2000
25.35545991801881	2000
25.393178452485262	2000
25.502401616804114	2000
25.513338885341945	2000
25.548353133458534	2000
25.73839283378504	2000
25.80750211899808	2000
25.958143112953536	2000
26.06269678493279	2000
26.145042763872965	2000
26.202089862362293	2000
26.25364153139183	2000
26.312874628386226	2000
26.56043866160561	2000
26.639335369889658	2000
26.639863243976876	2000
26.809816081311293	2000
27.12843227980816	2000
27.173933329964125	2000
27.53888650477395	2000
27.55919482439634	2000
27.69444927513891	2000
27.758027801632004	2000
28.0529740214823	2000
28.05356742618017	2000
28.058210770461027	2000
28.197797938554345	2000
28.248818159179713	2000
28.556524680171158	2000
28.770426477112284	2000
28.913148235430505	2000
28.977455592447654	2000
29.03267006435941	2000
29.04611254184844	2000
29.157975383802366	2000
29.31558806757284	2000
29.381280279046376	2000
29.39389447666774	2000
29.473694863612202	2000
29.52044551412465	2000
29.558776440351643	2000
29.58398372112534	2000
29.802075568977493	2000
29.887278323920548	2000
29.889822389031067	2000
29.901167930405283	2000
29.95715727614597	2000
30.165382941212208	2000
30.199320227199813	2000
30.215642440178822	2000
30.256414644237346	2000
30.266990666497556	2000
30.310896266834334	2000
30.549179125197934	2000
30.745477806313364	2000
30.89564390249112	2000
30.914947406821057	2000
30.992298489010498	2000
31.001098532024702	2000
31.11466293871936	2000
31.188393071577554	2000
31.32889128970068	2000
31.71996458921048	2000
31.818785909986392	2000
31.819278729788728	2000
31.853624107443512	2000
31.89264185793406	2000
32.038844260332326	2000
32.04591166399839	2000
32.05073600063214	2000
32.20352844099811	2000
32.21746640810624	2000
32.32678737965859	2000
32.35553571735392	2000
32.6145114142594	2000
32.65959604493501	2000
32.70341871096015	2000
33.02990898088277	2000
33.12842320691697	2000
33.172926375570476	2000
33.209317731681324	2000
33.29640827406375	2000
33.308588344669296	2000
33.33941080277764	2000
33.35700249220135	2000
33.436091986592196	2000
33.50047233056263	2000
33.561505811357264	2000
33.74290165990563	2000
34.1553718056205	2000
34.24770725069482	2000
34.316144596240285	2000
34.337699602306344	2000
34.35929123078531	2000
34.43273571894597	2000
34.557034855915475	2000
35.304752415063696	2000
35.3268770756872	2000
35.452309409801735	2000
35.708069538748695	2000
35.73754273706212	2000
35.738063452694796	2000
35.80239677523274	2000
35.84719186786427	2000
36.00759013572009	2000
36.19291956147331	2000
36.465822882243735	2000
36.61537669113226	2000
36.66039251773233	2000
36.871779938786034	2000
36.941032573246574	2000
37.0128272462423	2000
37.13226255299829	2000
37.59026200110422	2000
37.60393977102876	2000
37.686056302993805	2000
37.69779324462471	2000
37.729409135289885	2000
37.934861517966226	2000
38.34560569659014	2000
38.43811623171753	2000
38.499672607396846	2000
38.53234047018149	2000
38.56107383389334	2000
38.70300053470968	2000
38.705750612121584	2000
38.84572421837197	2000
39.05430855206276	2000
39.24894503379369	2000
39.292435052190406	2000
39.35645314420101	2000
39.472260215841835	2000
39.56834390202395	2000
39.929238607848845	2000
39.97345664224912	2000
40.034547884768685	2000
40.46107831815132	2000
40.508405176029946	2000
40.60916202883837	2000
40.787907164512795	2000
40.7915065798204	2000
40.85657884308335	2000
41.01404277269783	2000
41.0770373534042	2000
41.27936476808893	2000
41.63371788606863	2000
41.65276711323075	2000
41.742451001498644	2000
41.8682964787649	2000
41.971792254546465	2000
42.05307881098117	2000
42.23824957999302	2000
42.50638861861651	2000
42.70432689986847	2000
42.73542653447752	2000
42.88435458197784	2000
43.23007461571356	2000
43.410082400990646	2000
43.4415348058523	2000
43.79416640551024	2000
43.84419192338378	2000
43.928354230527695	2000
43.96529422072539	2000
44.104179170087114	2000
44.21614021722898	2000
44.49479939392606	2000
44.5462630477003	2000
44.997296234325304	2000
45.08206804952739	2000
45.182418990939034	2000
45.219394915257936	2000
45.25886143302713	2000
45.32736333367589	2000
45.36463753166889	2000
45.4391294545399	2000
45.46040295656725	2000
45.46706336212508	2000
45.55083347605469	2000
45.74953914655013	2000
45.79324512968197	2000
45.83015147585588	2000
45.85145238145411	2000
45.88407854347976	2000
46.21469643411961	2000
46.227072736402924	2000
46.24115816280995	2000
46.35150896372434	2000
46.41028603706255	2000
46.41471365710345	2000
46.55013899097606	2000
46.597580163808885	2000
46.677733181804186	2000
46.88298773346014	2000
46.945275590615914	2000
46.98675452766778	2000
47.59400494068912	2000
47.640406288559156	2000
47.709476824247595	2000
47.70973165700868	2000
47.78057851803483	2000
47.80653227360672	2000
47.8794611833406	2000
48.00393519132977	2000
48.08306494137783	2000
48.087672677411774	2000
48.12837416850011	2000
48.15432988646171	2000
48.30616174463993	2000
48.41360960644436	2000
48.52848443083758	2000
48.74278625975323	2000
48.7653636055028	2000
48.90421049834383	2000
48.92535393578848	2000
49.31775003059433	2000
49.409275064069234	2000
49.71163009108555	2000
49.88651601315359	2000
50.01082539835653	2000
50.03674156568046	2000
50.2500806481511	2000
50.2552916884563	2000
50.37282064239549	2000
50.45328016499195	2000
50.55475750255246	2000
50.814393700020425	2000
50.92978975796163	2000
50.97921730800623	2000
51.02627349075998	2000
51.06015069413283	2000
51.138455458055	2000
51.14787962391505	2000
51.184289398660454	2000
51.27190002838986	2000
51.317299006966024	2000
51.363391501475526	2000
51.43485838013325	2000
51.56804969003578	2000
51.856989262846966	2000
52.01603182569667	2000
52.1216199319708	2000
52.227624475642074	2000
52.23653593132664	2000
52.371758751408485	2000
52.479346276365014	2000
52.588447084407406	2000
52.6037164708508	2000
52.64742934958906	2000
52.75117773760527	2000
52.85614689604444	2000
53.02470718996083	2000
53.03896818972519	2000
53.07120769778702	2000
53.17937553531772	2000
53.199928363197856	2000
53.31321176100372	2000
53.32541224218825	2000
53.53144933541761	2000
53.70771550331192	2000
53.93593008124907	2000
54.06531314370129	2000
54.09873506702455	2000
54.319578671517974	2000
54.34069186230145	2000
54.34553748932989	2000
54.36280506963376	2000
54.64575847989264	2000
54.678653211656204	2000
54.95358885598175	2000
55.043408039766675	2000
55.28688700123949	2000
55.511709740052574	2000
55.51504649013223	2000
55.534127423690116	2000
55.54481626079653	2000
55.635911545102296	2000
55.730320543519355	2000
55.7384501189574	2000
55.92013375977479	2000
55.93487502039008	2000
56.06791322089974	2000
56.16419908357612	2000
56.19427022523324	2000
56.2124329053521	2000
56.25436730665267	2000
56.34259697973446	2000
56.36821997770527	2000
56.466035356295635	2000
56.53931649088092	2000
56.5648668835294	2000
56.7929838964753	2000
57.047508662975915	2000
57.0753833431151	2000
57.19044156843621	2000
57.24226614530825	2000
57.26219234774912	2000
57.28081996979498	2000
57.41993691716062	2000
57.54282679315687	2000
58.02638287246106	2000
58.05808043445867	2000
58.203701183189274	2000
58.232547616403515	2000
58.28530900892163	2000
58.40050877640836	2000
58.42879913531755	2000
59.01228635153798	2000
59.19260835561076	2000
59.22981588268458	2000
59.2417496136378	2000
59.30716380665457	2000
59.3557764147412	2000
59.49713956966771	2000
59.73550428725825	2000
59.74207455084348	2000
59.77848495457588	2000
60.53248644887789	0
60.594867829639526	20
60.597993517169655	40
60.61291756059353	60
60.67332670380267	80
61.22433720303778	100
61.848402667979755	120
62.31238466180428	140
62.39119431718143	160
62.53092708260056	180
62.835887759673255	200
63.08507515078083	220
63.10658239911103	240
63.18418572026635	260
63.363828915901486	280
63.539843855866664	300
63.57064030253116	320
63.601176696129265	340
63.96839775137872	360
63.97740752663282	380
64.07109840009225	400
64.1983840037489	420
64.20217612955622	440
64.23571619442487	460
64.50465155911901	480
64.51537714888927	500
64.51897548218751	520
64.54289821179542	540
64.5928200401632	560
64.5972536554079	580
64.6503912326251	600
64.67673439643887	620
64.75285034702425	640
64.89356443289459	660
64.94573556973897	680
65.08342199858528	700
65.2017925156035	720
65.4478654864687	740
65.53238637252186	760
65.57240960546382	780
65.63685304709355	800
65.67921601516491	820
66.21456421699872	840
66.28357408044918	860
66.64522550191283	880
66.92001490379205	900
67.1306348495533	920
67.22980625512437	940
67.46672969492234	960
67.48732989893104	980
67.5640287323405	1000
67.58402356451388	1020
67.60326578072298	1040
67.61454706589038	1060
67.7281566613543	1080
67.78851903317151	1100
68.12172570508153	1120
68.20246745413506	1140
68.2951437784757	1160
68.31278452451978	1180
68.36769697059509	1200
68.46963193861048	1220
68.55487601467385	1240
68.61010030431615	1260
68.6820444936233	1280
68.86826961595447	1300
68.97098231172498	1320
69.02112463768758	1340
69.1336986643894	1360
69.17855680113942	1380
69.23201850258015	1400
69.31745078918411	1420
69.39873018318032	1440
69.57266562423948	1460
69.66352116226804	1480
69.89988791526287	1500
69.90781644134898	1520
70.14532420983092	1540
70.24260637913231	1560
70.46219353814668	1580
70.66366704794488	1600
70.66708603979488	1620
70.77421086438548	1640
70.80475111674453	1660
70.82992185867832	1680
70.8834259648885	1700
70.90896999193316	1720
70.9558376044361	1740
71.22421716326751	1760
71.52587414535816	1780
71.60952115225832	1800
71.6288152551962	1820
71.70463062525417	1840
71.71177052562038	1860
71.80916081318922	1880
71.8787294002214	1900
72.00431193792545	1920
72.6084350140526	1940
72.61819542914164	1960
72.62256962997328	1980
72.74187857532563	2000
72.84984674662981	2000
73.36565399120978	2000
73.47454937266437	2000
73.76353870057766	2000
73.76661821149649	2000
73.89911403038585	2000
73.97915687677427	2000
74.32281498701383	2000
74.378726887619	2000
74.4056235465819	2000
74.41071159555648	2000
74.83121091312329	2000
74.86533750495511	2000
74.90462252179016	2000
74.93634138935717	2000
74.95041114622676	2000
75.05659726595235	2000
75.09278279282631	2000
75.32562560547443	2000
75.33799800412035	2000
75.57834540048685	2000
75.59026948254761	2000
75.73362457757473	2000
75.95566403810868	2000
76.72779503838123	2000
76.83947300525098	2000
77.11665009482053	2000
77.22081395697454	2000
77.25919368853297	2000
77.3226301722074	2000
77.42518003569029	2000
77.59515727458492	2000
77.95771787719751	2000
78.0164812337983	2000
78.4048652891822	2000
78.51539148241352	2000
78.5783644410399	2000
78.96912030433732	2000
78.98269497109321	2000
78.985530203575	2000
79.02876330877207	2000
79.03702591683334	2000
79.05919561904251	2000
79.35358740563976	2000
79.40657117394677	2000
79.43522435495838	2000
79.45282686132627	2000
79.4668671295925	2000
79.47536035718804	2000
79.50890962112322	2000
79.60937745756426	2000
79.7052799506785	2000
79.72351801906495	2000
79.72404043897699	2000
79.74608639094102	2000
79.75436432733227	2000
79.82679727129118	2000
79.92707248279491	2000
79.97056916841932	2000
80.05821069370897	2000
80.07738577971651	2000
80.20546770551334	2000
80.38339908690754	2000
80.40371544982243	2000
80.40900242094261	2000
80.51743631299023	2000
80.6406048262931	2000
80.64864404884771	2000
81.3456167232332	2000
81.36824949361156	2000
81.37969695496528	2000
81.43651173459357	2000
81.60726854012836	2000
81.73521611291065	2000
81.78232477917108	2000
81.81739969917315	2000
82.05777759491582	2000
82.29781628946093	2000
82.43721472267337	2000
82.60338536939662	2000
82.6111166811848	2000
82.76204271740158	2000
82.77334536816485	2000
83.15225737744832	2000
83.17644580400419	2000
83.22441520228081	2000
83.23304018808055	2000
83.30923079577015	2000
83.55207408570608	2000
83.57329052232126	2000
83.57799704312797	2000
83.73797577964105	2000
83.7623804620424	2000
83.81482490512214	2000
84.2101010538909	2000
84.23568020682005	2000
84.34933283865418	2000
84.40903655345863	2000
84.48508309692417	2000
84.70570436336197	2000
84.85044093273181	2000
84.86905355449277	2000
84.94491552103287	2000
84.95377885897177	2000
85.27526209212775	2000
85.44726804080038	2000
85.65404532496902	2000
85.7170000445848	2000
85.81483840800962	2000
86.20531500178062	2000
86.54902695409075	2000
86.65741909837706	2000
86.78626769797432	2000
86.78764960407712	2000
86.95092219706474	2000
87.00441411303584	2000
87.02178582117575	2000
87.20936833953863	2000
87.26564150050409	2000
87.36569304546224	2000
87.48198350173342	2000
87.90818104282721	2000
88.04115914043707	2000
88.37356930731316	2000
88.53532512282473	2000
88.53843640781592	2000
88.55576442646789	2000
88.56412774096952	2000
88.63203533948541	2000
89.04488047876565	2000
89.07966943861764	2000
89.45441822918275	2000
89.58543097225126	2000
89.69615714045747	2000
89.80142119431962	2000
89.83086800265806	2000
89.87248939843796	2000
90.03990147760369	2000
90.63450165956449	2000
90.76284611529601	2000
90.87294752572627	2000
90.90778056651918	2000
90.99135571034726	2000
91.00769603937951	2000
91.2213528508209	2000
91.47334564393736	2000
91.48597318160661	2000
91.51234857834831	2000
91.7473429849546	2000
92.24252039550295	2000
92.34723838098337	2000
92.46286149458919	2000
92.49627350787932	2000
92.51220666925299	2000
92.52216494032031	2000
92.549706321258	2000
92.7788498144221	2000
92.84651651957617	2000
92.84698056356387	2000
92.8784147660613	2000
93.06392976517998	2000
93.17459215020806	2000
93.25567693903696	2000
93.30571153093777	2000
93.42835196674598	2000
93.47093078845364	2000
93.85763752627436	2000
94.0262990618551	2000
94.09949674739386	2000
94.1953675439721	2000
94.41373741592012	2000
94.48257852285623	2000
94.74561427673075	2000
94.85053247588598	2000
95.407884702337	2000
95.71412743290469	2000
95.93452808254953	2000
96.02509542686055	2000
96.19867715454949	2000
96.26496179842744	2000
96.63034510356268	2000
96.76346301235796	2000
96.8898426397803	2000
96.96496535596137	2000
97.15251158212979	2000
97.15441178449207	2000
97.9421227229288	2000
98.03514084648205	2000
98.24852213711156	2000
98.36493575320979	2000
99.40359067458525	2000
99.48242206579211	2000
99.64546851518416	2000
99.66496453177494	2000
99.83770090050324	2000
99.94257175483447	2000
99.96390354947974	2000
99.9905315549272	2000
100.12750948223251	2000
100.16428701277017	2000
100.18217633111418	2000
100.23032896768873	2000
100.59413708391239	2000
100.62258257038076	2000
100.68804567541578	2000
100.7011036934256	2000
100.9258246822459	2000
101.22614578524511	2000
101.23844861039555	2000
101.36890397618082	2000
101.500036613494	2000
101.58988080377411	2000
101.67867942076782	2000
101.68413106515922	2000
101.88016034544168	2000
102.05584102120831	2000
102.0902014375242	2000
102.1530930751846	2000
102.42406303673701	2000
102.431277728784	2000
102.54707073692097	2000
102.58118127608012	2000
102.71108279888932	2000
102.73732399780576	2000
102.74833323792163	2000
102.76851752518267	2000
102.8822743147475	2000
103.14241432235411	2000
103.24686873387328	2000
103.57161509973218	2000
103.71367440853898	2000
103.76766869930594	2000
103.9835905296123	2000
104.05512884858427	2000
104.05756459469504	2000
104.10365848372352	2000
104.21066788095163	2000
104.92600643786797	2000
105.0114338795402	2000
105.31973762776961	2000
105.34249914940509	2000
105.38752853244644	2000
105.43981717900084	2000
105.53725810982485	2000
105.68366527673145	2000
105.71349436393736	2000
105.7199020948775	2000
105.73768904926764	2000
105.86431167390853	2000
105.90814843526897	2000
106.11785160357934	2000
106.23976751295406	2000
106.79125616301876	2000
107.01423918108424	2000
107.06103612025734	2000
107.07147608997242	2000
107.09438218495713	2000
107.31736314728491	2000
107.41458772374565	2000
107.69765804786303	2000
107.92513426501081	2000
107.99074006813318	2000
107.9912843482587	2000
108.18174260757284	2000
108.22444844918213	2000
108.33571080299586	2000
108.36320004828478	2000
108.45635342831858	2000
108.61178262639062	2000
108.86865878832333	2000
108.98933473315235	2000
109.4517687457772	2000
109.5174963599172	2000
110.00724727186038	2000
110.11998781116222	2000
110.26402975213432	2000
110.32946623589811	2000
110.51311491663074	2000
110.58587949312171	2000
110.65621400084987	2000
110.91474296120661	2000
111.19119285269676	2000
111.26689891758922	2000
111.26807949532586	2000
111.53511954164901	2000
111.53848095424884	2000
111.56872761905069	2000
111.75894247784376	2000
111.95014000468639	2000
112.20189659524908	2000
112.26872968213418	2000
112.33011440507805	2000
112.59519478686033	2000
112.64325112570339	2000
113.09229861592334	2000
113.17340395934774	2000
113.2568225354968	2000
113.27829234595059	2000
113.41090637965823	2000
113.41866871318442	2000
113.49187185057104	2000
113.50255094089587	2000
113.60946857413694	2000
113.67977374150053	2000
113.95905239401058	2000
114.07209072179323	2000
114.28601826767014	2000
114.35951005782863	2000
114.3738446450524	2000
114.74932527955305	2000
114.76634673736248	2000
114.81311364846005	2000
114.82730709386686	2000
115.00872434481262	2000
115.04812136574053	2000
115.08181666687085	2000
115.27622289964047	2000
115.3967330700017	2000
115.4860685253868	2000
115.52087023524693	2000
115.76076647564852	2000
116.09704432222597	2000
116.45536884034516	2000
116.48397224912695	2000
116.54830092603297	2000
116.55394742489256	2000
116.90176571842298	2000
116.94350089780215	2000
117.0794956895926	2000
117.3825007393652	2000
117.59600560943645	2000
117.70538651566487	2000
117.87827018181837	2000
117.8920924085216	2000
117.92849323197854	2000
117.96152457649816	2000
118.23614304170489	2000
118.27732615567697	2000
118.39835457465671	2000
118.53386789970168	2000
118.56471153503234	2000
118.565160036561	2000
118.62342197246592	2000
118.6387318374304	2000
118.69837904535513	2000
118.75046429316919	2000
118.80350686831268	2000
118.90470271616218	2000
119.05773605111045	2000
119.13656523551703	2000
119.25371954770671	2000
119.91156863182925	2000
119.93466411581839	2000
120.00279998448751	0
120.10226356405576	20
120.12842286803085	40
120.2627071359222	60
120.31672028633366	80
120.31895462151329	100
120.33652891658885	120
120.36336736315037	140
120.40939796301916	160
120.60741501548998	180
120.62501284025662	200
120.66297189559796	220
120.7621578395021	240
120.89629027222882	260
120.93693689078562	280
121.65504250696708	300
121.79586147501841	320
121.82564814536185	340
121.8530082745048	360
121.8773279712037	380
121.97456523396521	400
122.05152281403541	420
122.1424747315631	440
122.37022608619436	460
122.54762241853638	480
122.90514916900759	500
122.91977464151891	520
123.3473850874886	540
123.39202112992446	560
123.40890652468168	580
123.53738958700247	600
123.72376000545393	620
123.87265679654693	640
124.04553567720957	660
124.1445517724112	680
124.22563414295787	700
124.37831374618064	720
124.38304142441578	740
124.4264405505634	760
124.9198879826621	780
124.93031880584564	800
125.12567385850846	820
125.20737174427968	840
125.23389128817217	860
125.24748377917473	880
125.32091652157665	900
125.4649910251738	920
125.63113721382416	940
125.6734257944795	960
125.73461491817531	980
125.82476639728269	1000
125.92014167691542	1020
126.16071090904872	1040
126.17576295737227	1060
126.19422326965109	1080
126.32526686081962	1100
126.43961293834256	1120
126.63376701855869	1140
126.68442969948138	1160
126.70498152114428	1180
126.82199900950125	1200
126.88470884282522	1220
126.91974283746819	1240
127.04142648203522	1260
127.07972486990035	1280
127.18660180245652	1300
127.27865574085811	1320
127.29289515546859	1340
127.5743021576902	1360
127.62994880239424	1380
127.87788421726086	1400
128.3545523562945	1420
128.55310324644742	1440
128.686900223539	1460
129.08348696208049	1480
129.10775590814217	1500
129.32989356132487	1520
129.34218604892754	1540
129.5417034114349	1560
129.91035190139107	1580
129.98113198387074	1600
129.9962638256086	1620
130.15254179820732	1640
130.2144018339828	1660
130.2752072742567	1680
130.43796540084497	1700
130.87161257211747	1720
130.94313015692728	1740
131.0919960509246	1760
131.10357190205468	1780
131.15967185346153	1800
131.4364612603162	1820
131.6173154031381	1840
131.61900357082263	1860
131.67762549375024	1880
131.79192922529774	1900
131.81146465433963	1920
131.91727820347674	1940
131.98630797785668	1960
132.19326163533228	1980
132.4874136526603	2000
132.59872914303978	2000
132.65842721002466	2000
132.98865193559962	2000
133.2246359339088	2000
133.39592230503308	2000
133.6300673912747	2000
133.6881052305152	2000
133.68846482214363	2000
134.03405274171345	2000
134.1295525873014	2000
134.1316289622242	2000
134.1752812358843	2000
134.22910952120532	2000
134.3788103382358	2000
134.62942365445048	2000
134.77712207455733	2000
135.2436444618004	2000
135.60997053291305	2000
135.6374514004377	2000
135.84816745878572	2000
135.98181240999708	2000
136.04504987092727	2000
136.1967174217582	2000
136.4707314537091	2000
136.47872519346274	2000
136.48509448151214	2000
136.52949143017273	2000
137.02781987556094	2000
137.06166461915484	2000
137.11780574721112	2000
137.2200878207775	2000
137.36563874146614	2000
137.4165265178383	2000
137.4256037522832	2000
137.45139611251767	2000
137.4831918446277	2000
137.69314599320236	2000
137.76963851953738	2000
137.8569566485788	2000
137.9448375673051	2000
138.15329067107595	2000
138.1578974248398	2000
138.2572202859062	2000
139.08584542164698	2000
139.1829986027064	2000
139.37881083350922	2000
139.39370964200316	2000
139.53178369220677	2000
139.56850336522976	2000
139.58368485284768	2000
139.66491881041244	2000
139.86501563664785	2000
140.05553606064194	2000
140.1511038035294	2000
140.18043316430087	2000
140.20146344738814	2000
140.2210028729947	2000
140.26247084469983	2000
140.54009455376803	2000
140.760711687056	2000
140.8250705442579	2000
140.9223241997616	2000
140.93293716675896	2000
141.03979317386248	2000
141.06582349404215	2000
141.14457799589914	2000
141.15765835855834	2000
141.17910680383886	2000
141.24331361054962	2000
141.3704087301931	2000
141.39223964255822	2000
141.61710890053374	2000
141.64641664376083	2000
141.68330260965354	2000
141.71690673687698	2000
141.75496659350247	2000
141.85985668479398	2000
141.86436825678132	2000
141.87689167736136	2000
141.9088966214908	2000
142.0871628416607	2000
142.58889824963813	2000
143.43175031689248	2000
143.47817914617335	2000
143.6922253437248	2000
143.88678731093688	2000
144.00354169676305	2000
144.07972411329922	2000
144.08885338177973	2000
144.1128212082415	2000
144.3108757079784	2000
144.4041630912955	2000
144.72560010217552	2000
144.83682620758796	2000
144.8753924260327	2000
144.95941861104177	2000
144.97003935882424	2000
144.97415098811734	2000
145.36855623646704	2000
145.5409101260175	2000
145.64395737949172	2000
145.75998408140256	2000
145.77195774792392	2000
145.891596124106	2000
145.99350732237346	2000
146.0400109008583	2000
146.07177538355032	2000
146.10039724143553	2000
146.10056768184307	2000
146.1453683652908	2000
146.17446207757524	2000
146.45337397555318	2000
146.73346852193043	2000
146.8136350594097	2000
147.01676824324022	2000
147.13425257130646	2000
147.178671019901	2000
147.2234191542132	2000
147.26935765909892	2000
147.44740537246994	2000
147.48474911147605	2000
147.52125854805595	2000
147.52137078704112	2000
147.55027798249623	2000
147.79538418773149	2000
148.14920248582402	2000
148.26420197500582	2000
148.34040437577238	2000
148.5723340590787	2000
148.60507339306767	2000
148.71610884636962	2000
148.78218431793866	2000
148.81929030756686	2000
148.82870374707758	2000
149.04542352499746	2000
149.17738211858162	2000
149.2575308220491	2000
149.29664645167057	2000
149.30675673391775	2000
149.35053975508464	2000
149.37595214869867	2000
149.54167617731505	2000
149.64996764094425	2000
149.76838045420305	2000
149.89407209344884	2000
150.0703112482434	2000
150.4590511720272	2000
150.48195229973427	2000
150.7389910327478	2000
150.80511131482487	2000
150.97439562732865	2000
151.11052020460158	2000
151.20050600890647	2000
151.2578760287311	2000
151.49322277637458	2000
151.72522748449873	2000
151.94560828277466	2000
152.25228909451084	2000
152.4179761827875	2000
152.7077640942135	2000
152.79521762835992	2000
152.9078252166772	2000
152.92699071394324	2000
153.1690459166982	2000
153.1773021019977	2000
153.22235841006767	2000
153.33683000724332	2000
153.37029037022015	2000
153.4544640525502	2000
153.6495169743855	2000
153.89072632560297	2000
154.26435271639843	2000
154.2827535074068	2000
154.39772630793493	2000
154.51250296451593	2000
154.5590302454093	2000
154.56621553381112	2000
154.57761619614797	2000
154.71983112166407	2000
154.8639322258268	2000
154.8857853221582	2000
154.92285898034618	2000
155.02963425119577	2000
155.2468204333515	2000
155.34802951231362	2000
155.454907196171	2000
155.4586975218193	2000
155.6498763495753	2000
155.75394628819603	2000
155.7567203583062	2000
155.8235070504913	2000
155.88160596271578	2000
156.10497566856287	2000
156.1793831626542	2000
156.21393931407368	2000
156.33055811871583	2000
156.36658877120436	2000
156.79251752283366	2000
156.8236904782942	2000
157.08619706805274	2000
157.32117887403123	2000
157.42363051583519	2000
157.57881453603213	2000
157.62560763896326	2000
157.65133455630402	2000
157.66981594052584	2000
157.81999460535758	2000
158.17181863990203	2000
158.28164596478945	2000
158.40462066011605	2000
158.44226851690266	2000
158.47579591341767	2000
158.52545329715664	2000
158.65244666287518	2000
158.6997285404156	2000
158.9477538663552	2000
158.98871684849252	2000
159.27725890875442	2000
159.2787130953362	2000
159.34877157706	2000
159.49956992383076	2000
159.5314254239171	2000
159.7864817250068	2000
159.96008368553765	2000
159.99127270303217	2000
160.1911692524585	2000
160.22209000212942	2000
160.22643431577666	2000
160.33030773391152	2000
160.41846408473634	2000
160.44340315318178	2000
160.6396462384922	2000
160.7915362774842	2000
160.9212276740414	2000
161.01103573151534	2000
161.5271641958124	2000
162.28307786379972	2000
162.37294639073394	2000
162.42152870981107	2000
162.62945865032034	2000
162.6555479530446	2000
162.70336985626292	2000
162.81862743332687	2000
163.1764741001999	2000
163.19024340120635	2000
163.52882564332987	2000
163.54916164875502	2000
163.58931381751387	2000
163.68433443709125	2000
163.83974399612507	2000
164.15173592478513	2000
164.33827249017796	2000
164.50493557386503	2000
164.5225012390389	2000
164.67035470791652	2000
164.72267792511641	2000
164.7789467123474	2000
164.94024488931254	2000
164.94838085778719	2000
165.14746582700784	2000
165.54190263550498	2000
165.78624679619912	2000
165.83962980178308	2000
165.83972782242648	2000
165.8925912138955	2000
165.99523594728896	2000
166.06724860414482	2000
166.11234202855314	2000
166.45081063504625	2000
166.62577207504395	2000
166.73355462009852	2000
166.76958752474218	2000
166.78087663946553	2000
166.84653532098142	2000
166.92814778700892	2000
167.01020385580648	2000
167.01696766676915	2000
167.1036057843272	2000
167.1955483099261	2000
167.35682257102346	2000
167.38814462306618	2000
167.52486893085373	2000
167.74219175397903	2000
167.79426518034916	2000
167.8578944368767	2000
167.95773791606038	2000
168.0529368751277	2000
168.20767816282682	2000
168.2218862634793	2000
168.40657317006702	2000
168.4143726757182	2000
168.45017989981292	2000
168.4640748078729	2000
168.68945462422366	2000
168.71769691810647	2000
168.85348312795554	2000
168.96999899083613	2000
168.98310240059934	2000
169.00726792059777	2000
169.1438426752842	2000
169.16590296148084	2000
169.53714793800756	2000
169.55054717010523	2000
169.58095185242027	2000
169.6752225579371	2000
169.72032062052816	2000
169.8270293096964	2000
169.93406729915307	2000
170.02046127665403	2000
170.0631572596648	2000
170.17191645831576	2000
170.661416531514	2000
170.78376145488133	2000
171.18849340681516	2000
171.20094549184074	2000
171.43634973774496	2000
171.75471580106617	2000
171.99922912732143	2000
172.32616598540926	2000
172.61011936176698	2000
172.66706495417813	2000
173.28758189177566	2000
173.30489382207085	2000
173.38890294149743	2000
173.67302699925816	2000
173.69368525640832	2000
173.84205768352226	2000
173.8708280633352	2000
173.96756682250586	2000
174.09670549420102	2000
174.4143905338082	2000
174.48681660909264	2000
174.56648865307113	2000
174.59782652697106	2000
174.6557758227089	2000
174.72668280799567	2000
174.76893829903796	2000
174.86752922770958	2000
175.15902804523176	2000
175.1623802302614	2000
175.17715926779684	2000
175.2324595596382	2000
175.4154574816648	2000
175.49904620514232	2000
175.60962194426835	2000
175.74736346180822	2000
175.77349647848928	2000
175.78385811513675	2000
175.9152671692848	2000
176.49322142591848	2000
176.49701211126285	2000
176.60198309766162	2000
176.80376346241067	2000
176.91650312871167	2000
176.9903759723053	2000
177.03444807039241	2000
177.15392701229834	2000
177.171220008343	2000
177.26224210432866	2000
177.53551103005935	2000
177.5560377197508	2000
177.58755347077255	2000
177.72629327535526	2000
177.77574292984684	2000
177.87935853024476	2000
177.99028250737877	2000
178.29325791095857	2000
178.36456323478052	2000
178.43306143267398	2000
178.47690715436573	2000
178.60777309503388	2000
178.85150219780195	2000
178.9489553609092	2000
178.97673357668523	2000
179.13563055654174	2000
179.26556405741073	2000
179.39334160880412	2000
179.4663151163793	2000
179.49707776124654	2000
179.83799634913038	2000
179.91821134073365	2000
180.39877792715347	0
180.69133580454545	20
180.94618844849086	40
181.4654389079365	60
181.6462497571173	80
181.91614936095712	100
182.06601493142944	120
182.165642755389	140
182.18940958718701	160
182.21907129624105	180
182.48625051432126	200
182.62336881974412	220
182.91394275817387	240
182.9211773229548	260
183.0359789124479	280
183.08812453751105	300
183.12141008864134	320
183.40801448938797	340
183.5049605816085	360
183.67010811485488	380
183.84501527772267	400
183.95489622493977	420
183.98326492929465	440
184.09490621670903	460
184.27245384880774	480
184.30359758671256	500
184.31504426058328	520
184.35897011385	540
184.42551672905742	560
184.4280138083948	580
184.72555964847461	600
184.76491678368495	620
184.7796850127721	640
184.86931642233571	660
184.91860666942367	680
184.95940863333055	700
185.14067712269934	720
185.36324623846258	740
185.7350526467709	760
185.77952285668556	780
185.99613738905768	800
186.1705606234404	820
186.20314899171387	840
186.2431683010347	860
186.24416764809513	880
186.4100896684735	900
186.5361045199619	920
186.57652603752823	940
186.58352501414376	960
186.62594790814083	980
186.63034784165646	1000
186.6748746826712	1020
186.68143902274073	1040
187.0482153891402	1060
187.07679792669813	1080
187.15595258291142	1100
187.19447840033916	1120
187.25494857442666	1140
187.26634109611894	1160
187.31865538931407	1180
187.3426723803176	1200
187.35140832337058	1220
187.3553367987945	1240
187.4098009505851	1260
187.42371519074496	1280
187.47391791246375	1300
187.56864918137458	1320
187.5776045254436	1340
187.60890166471535	1360
187.67137910967529	1380
187.9487459251458	1400
188.0732447705681	1420
188.20196789083286	1440
188.2111581145244	1460
188.3384284319741	1480
188.35208370374355	1500
188.35428611667032	1520
188.4097312814887	1540
188.5017225156301	1560
188.58739514794905	1580
188.70059519076648	1600
188.79387467497722	1620
188.88038187258013	1640
189.00141624667364	1660
189.45812052372133	1680
189.50286658971325	1700
189.5770124860538	1720
189.729474819234	1740
190.29262370913895	1760
190.40714371357566	1780
190.4452430799733	1800
190.44781771528736	1820
190.55769509611406	1840
190.6188990518586	1860
190.6478589401662	1880
190.66468889231183	1900
190.7781027337345	1920
190.79424553917485	1940
190.8126252545621	1960
191.04654044229272	1980
191.25126356242106	2000
191.2540084849801	2000
191.3451896080127	2000
191.4978640612264	2000
191.67541847380238	2000
191.8307636073784	2000
191.893233813591	2000
192.29101115342687	2000
192.39749654018502	2000
192.50394657187974	2000
192.52248917308347	2000
192.52545452191737	2000
192.52645098648838	2000
192.60833599569753	2000
192.79268136063138	2000
192.86509873982638	2000
192.9488736315918	2000
193.00742791388888	2000
193.10441768928948	2000
193.12081716381905	2000
193.30443768060724	2000
193.50507959753796	2000
193.57702493919254	2000
193.71042883923508	2000
193.75546938596395	2000
193.94864300871757	2000
194.19037327248006	2000
194.39762129739626	2000
194.55569532449383	2000
194.66236274275835	2000
194.97678877262473	2000
195.08471598338065	2000
195.26092159789707	2000
195.29828795762185	2000
195.46586331174734	2000
195.6516618917	2000
195.7797543517757	2000
195.95432670958994	2000
195.97269552673706	2000
196.09952006398527	2000
196.20492239370145	2000
196.25254141413149	2000
196.35309603318507	2000
196.36211210914766	2000
196.57542690944155	2000
196.58079672768352	2000
196.61515317167192	2000
196.88183567533488	2000
196.96211546733923	2000
196.98130472441986	2000
197.14343926593747	2000
197.33215613697345	2000
197.55468845582308	2000
197.76561120911717	2000
197.81295953271834	2000
197.9723615851025	2000
198.00079995491322	2000
198.55943269207106	2000
198.63459095023782	2000
198.64070801238017	2000
198.77055621803282	2000
198.82809456690626	2000
198.89812147810053	2000
199.1473034636793	2000
199.1836315058538	2000
199.42464671797364	2000
199.52777354631536	2000
199.6011237173955	2000
199.61469845662853	2000
199.78161104022607	2000
199.82626908615222	2000
200.4875069372606	2000
200.5025807619254	2000
200.5064594795805	2000
200.58700013818324	2000
200.62832938907178	2000
200.89299844122516	2000
200.90761004404405	2000
200.96029026652155	2000
201.05033825312316	2000
201.69446740291156	2000
201.78546061090304	2000
201.81751127405616	2000
202.10785187139584	2000
202.14793596234557	2000
202.16300048950546	2000
202.32484365987514	2000
202.42019240324686	2000
202.42378286599066	2000
202.63006595569428	2000
202.75729953742788	2000
202.7629724797415	2000
202.78786878609208	2000
202.84926351021002	2000
203.17567428952782	2000
203.2270175719335	2000
203.43850844544903	2000
203.6272695722912	2000
203.84410191392195	2000
203.93449189583944	2000
203.9588470996845	2000
204.19605521252728	2000
204.41394199960567	2000
204.41820501578724	2000
204.50833738267943	2000
204.74940071535923	2000
205.14726610244202	2000
205.34237989135104	2000
205.39216466053594	2000
205.40610639097545	2000
205.43239610624292	2000
205.51030049233975	2000
205.5212650273568	2000
206.03481399925275	2000
206.03568880292738	2000
206.2177486514711	2000
206.26083574063628	2000
206.36858120329404	2000
206.85652921747612	2000
207.14143137482768	2000
207.22272434629227	2000
207.29775984265578	2000
207.34280611454918	2000
207.37080858036774	2000
207.38274357780216	2000
207.5570766611144	2000
207.57206193257736	2000
207.8860705519489	2000
207.88628131088402	2000
208.01755309181488	2000
208.03653010222476	2000
208.10861584406294	2000
208.11240381195682	2000
208.28622351204442	2000
208.32537384034518	2000
208.50997530358927	2000
208.65442859887688	2000
208.6985858069733	2000
208.93049202363179	2000
208.98367895197228	2000
209.07690574109165	2000
209.1744125136544	2000
209.31523204950346	2000
209.33831738366925	2000
209.3615346821578	2000
209.60180759734956	2000
209.62495190962818	2000
209.6253703018644	2000
209.62626791450128	2000
210.25084276865624	2000
210.45332381204094	2000
210.46702287698494	2000
210.48126999772722	2000
210.49193484627784	2000
210.70157838772974	2000
210.7651093659981	2000
210.81053892837494	2000
210.98619031158452	2000
210.99528926372003	2000
211.2714099483753	2000
211.46634448972407	2000
211.49819652418677	2000
211.53191427720833	2000
212.1138217339058	2000
212.28708000686547	2000
212.32185567808088	2000
212.34983225447314	2000
212.42047781861095	2000
212.47215962394225	2000
212.52617147385226	2000
212.76184850368233	2000
212.98931451998993	2000
213.07835167714978	2000
213.16959899410853	2000
213.1920002403256	2000
213.25506036821727	2000
213.27852399952684	2000
213.3890096896958	2000
213.3942809477247	2000
213.43504980017528	2000
213.45117711486986	2000
213.5716975886842	2000
213.67156914135703	2000
213.69173528015747	2000
213.8143957711406	2000
214.0285096898927	2000
214.30244833672543	2000
214.64155161662543	2000
214.7326947359411	2000
214.9584630395266	2000
214.98799013741433	2000
215.03267355157428	2000
215.18799605526536	2000
215.24542621012156	2000
215.32444460694177	2000
215.50692324609304	2000
215.5111286784364	2000
215.54225173706658	2000
215.70955914044364	2000
215.71646638057402	2000
215.8033351985135	2000
215.8629929776883	2000
216.01287879324093	2000
216.11095178315935	2000
216.16140848193132	2000
216.2309008664144	2000
216.25709258881912	2000
216.3676016551325	2000
216.4160411636139	2000
216.49803002373883	2000
216.7833812461088	2000
216.83489485328545	2000
216.87968542139336	2000
217.00264379823676	2000
217.2872200294013	2000
217.36711372461366	2000
217.412902563534	2000
217.50684527456423	2000
217.55980967069326	2000
217.75325004365132	2000
217.77529193114862	2000
217.79370068094914	2000
217.91584027136042	2000
217.94371740103338	2000
218.06530344771903	2000
218.10870170698252	2000
218.154652716608	2000
218.2295656361986	2000
218.32740432236633	2000
218.35702877382852	2000
218.3572746160646	2000
218.39534344516983	2000
218.45473459892276	2000
218.50444483292515	2000
218.54176347290226	2000
218.7885663961924	2000
219.03941529948588	2000
219.26121385099324	2000
219.51623002502333	2000
219.51752741896354	2000
219.6042260136128	2000
219.61850676085473	2000
219.77533770016342	2000
219.97429933015687	2000
220.13186705041088	2000
220.28018522617072	2000
220.61450075916923	2000
220.75347386134212	2000
220.76968766563644	2000
220.82654022923722	2000
220.91287663345102	2000
221.00374521801436	2000
221.6906222535738	2000
221.76605539395268	2000
221.8743119689409	2000
221.92968270943211	2000
221.97666574424906	2000
222.24930245666135	2000
222.45596943037074	2000
222.62831598746507	2000
222.67967819647382	2000
222.7556388832904	2000
222.79144131848537	2000
222.79531982395162	2000
222.9002011895915	2000
222.99007801427405	2000
223.07503191754765	2000
223.4761638412204	2000
223.57316630367487	2000
223.7169076168827	2000
223.7592406903008	2000
223.76720233262088	2000
224.0295881408394	2000
224.16279067388587	2000
224.57294733684859	2000
224.71710269964248	2000
224.74992320946797	2000
224.85797531262878	2000
224.96011055192088	2000
224.9926463860965	2000
225.02543511340133	2000
225.07334075155606	2000
225.09818733390122	2000
225.1469971544621	2000
225.1886942058331	2000
225.42005164668643	2000
225.45769866739337	2000
225.51642918399153	2000
225.66796798108498	2000
225.75701368571256	2000
225.76083178235228	2000
225.8473512336112	2000
225.8546149642084	2000
225.97385840174758	2000
226.39811919999366	2000
226.5129671251991	2000
226.5482010383684	2000
226.57520090883276	2000
226.61056858468797	2000
226.68719605168164	2000
226.74786537657636	2000
226.87457966279652	2000
227.15701039189977	2000
227.3902981992373	2000
227.51118057436776	2000
227.6285659329589	2000
227.67260421553638	2000
227.75126986707372	2000
228.25981642316967	2000
228.28698420096316	2000
228.474103155887	2000
228.55598271415167	2000
228.77414300902277	2000
228.8425850306486	2000
229.05246307651962	2000
229.23991164124598	2000
229.44523358471628	2000
229.59638504265013	2000
229.85470110669416	2000
229.91050815509055	2000
229.944893477796	2000
230.01028360292437	2000
230.15968516893844	2000
230.1675159202526	2000
230.28472047211937	2000
230.42707189418655	2000
230.44638218014	2000
230.6532962571775	2000
230.77072004683276	2000
230.9476797525563	2000
231.00583206547768	2000
231.01980157749378	2000
231.15225857713577	2000
231.20280385428805	2000
231.20351414162627	2000
231.4066354964503	2000
231.46437451504852	2000
231.4910310166897	2000
231.51977300333746	2000
231.6110516603878	2000
231.6787901942578	2000
231.86941054201046	2000
231.87492740255098	2000
231.93262978685004	2000
231.93310725775194	2000
232.0304319487791	2000
232.15459323709965	2000
232.17468505081808	2000
232.77399057763526	2000
233.04769863873221	2000
233.36444548399066	2000
233.41595295358033	2000
233.56636892588833	2000
233.68749183797107	2000
233.68918052806555	2000
233.94069274177545	2000
234.34797977983067	2000
234.4187750158742	2000
234.42331236998191	2000
234.44288529214856	2000
234.6495533292108	2000
234.79160071788218	2000
234.905776493187	2000
235.00146872310543	2000
235.12070236480065	2000
235.29281989702375	2000
235.29386171416368	2000
235.47183020067453	2000
235.6791354997508	2000
235.7814988874541	2000
235.8673123499047	2000
235.9665453793067	2000
236.32690112108256	2000
236.53842699630016	2000
236.8742693631142	2000
236.95553634610832	2000
237.18882966928925	2000
237.40996327705497	2000
237.4491982919761	2000
237.52939550431566	2000
237.69925856474353	2000
238.00149986998508	2000
238.0604991117097	2000
238.11909588983283	2000
238.18318549137496	2000
238.27944081503614	2000
238.65494731307078	2000
238.9458362317036	2000
239.08625363633215	2000
239.4819423424279	2000
239.53295257568837	2000
239.98619737119037	2000
240.0301314417563	0
240.13525898015465	20
240.48153414273406	40
240.63649267535297	60
240.64430113973748	80
240.65940512860604	100
240.8275950430281	120
241.20327938323044	140
241.21346546791753	160
241.23946257559962	180
241.56888903259744	200
241.7591137221318	220
241.75927051038988	240
241.92169534499666	260
241.96733588632102	280
242.11276981995894	300
242.57934505845864	320
242.6281789083797	340
242.6534809626831	360
243.16475201741503	380
243.69796021269434	400
244.0783788606769	420
244.1246892713853	440
244.23441710332472	460
244.6159201761182	480
244.75040309773226	500
245.10142506250202	520
245.16642191936106	540
245.33401271646136	560
245.50628014609586	580
245.8356837787969	600
245.89610461278463	620
245.92862929133807	640
245.9367900214755	660
246.0556320273811	680
246.14657473461963	700
246.42552409646953	720
246.44164185760744	740
246.44278956634287	760
246.64591502565938	780
246.89039233628438	800
247.04585894645922	820
247.05343459395615	840
247.0633974075517	860
247.41395535646475	880
247.54682378951907	900
247.55411582210328	920
247.59246181280596	940
247.59802502319135	960
247.84403534168038	980
248.02471524154137	1000
248.10940196661318	1020
248.13467183059916	1040
248.33080277996174	1060
248.5327848944329	1080
248.6637540628675	1100
248.73900551428227	1120
248.83416936446224	1140
248.8973742825841	1160
249.01864665478047	1180
249.0740756111597	1200
249.08680117858043	1220
249.13327851097503	1240
249.16048133444048	1260
249.24089505891845	1280
249.30151822104492	1300
249.32132705328183	1320
249.554175061322	1340
249.74467359487613	1360
249.95930492676396	1380
250.01571466674804	1400
250.0725536302499	1420
250.14778866638895	1440
250.15361972964232	1460
250.37435095361718	1480
250.52126388922358	1500
250.61621150522475	1520
251.4616024399404	1540
251.50732428993865	1560
251.56084455539403	1580
251.71354955143002	1600
251.88974516625456	1620
251.9240602403755	1640
251.93736628383922	1660
252.2286541872739	1680
252.54264387430476	1700
253.05345431847115	1720
253.1538598445076	1740
253.30944057709004	1760
253.42498489997197	1780
253.62231382670592	1800
253.6476308282661	1820
253.70543614717357	1840
253.80631968760713	1860
254.0568889939571	1880
254.06685420457117	1900
254.06877688638704	1920
254.0793796740328	1940
254.29612525012973	1960
254.34172671895254	1980
254.37851586464882	2000
254.5564684329996	2000
254.5864213720327	2000
254.66676938156976	2000
254.69247587724482	2000
254.75427945913393	2000
254.78545448354964	2000
254.8206572233363	2000
254.95718339768902	2000
254.96014006958066	2000
255.00999759391763	2000
255.09810214526397	2000
255.10799733979437	2000
255.2120199971126	2000
255.27442557774089	2000
255.42504614117954	2000
255.4488260003318	2000
255.52821771015093	2000
255.66701761605992	2000
255.85839266499633	2000
256.1251811701988	2000
256.19584671401657	2000
256.2596255907538	2000
256.2792341604272	2000
256.30499210076573	2000
256.3498886002397	2000
256.495116990087	2000
256.50221654078473	2000
256.5652648074157	2000
256.71865100945007	2000
256.8808074468403	2000
256.95075791127516	2000
257.13825239602556	2000
257.24155780049784	2000
257.3785896393587	2000
257.4919393163203	2000
257.54750510685164	2000
257.5916538988162	2000
257.7467622099333	2000
257.8383080119884	2000
258.01974919082136	2000
258.2491644402527	2000
258.25558705901034	2000
258.3174728298175	2000
258.4009417715472	2000
258.40493091087615	2000
258.4480157769462	2000
258.51190742583236	2000
258.55261950855515	2000
258.5846122734043	2000
258.7049508389681	2000
258.74566484775033	2000
258.76722414731915	2000
259.48606141647304	2000
259.5341600114843	2000
259.5560498339624	2000
259.6846974915217	2000
259.7977442777688	2000
259.83866034804186	2000
259.852161598925	2000
259.8623827048991	2000
260.0363135600702	2000
260.2211638077377	2000
260.3076346932	2000
260.3573402011389	2000
260.50612660129246	2000
261.07281132116435	2000
261.25246207172813	2000
261.2696669192308	2000
261.3255035361184	2000
261.3960787658001	2000
261.5396733488199	2000
261.644611453217	2000
261.73755117685	2000
261.7703728265555	2000
261.78319391961503	2000
261.83826520063064	2000
262.0610595350609	2000
262.0819140111086	2000
262.2514582561033	2000
262.27515824869226	2000
262.4146751987203	2000
262.55208896453416	2000
262.61703438774316	2000
262.7287574642134	2000
262.7743696982464	2000
262.9534481760048	2000
263.3636497151902	2000
263.5675188685967	2000
263.56802403605303	2000
263.644797613213	2000
263.74993559525177	2000
263.76219813339554	2000
263.7778002477644	2000
263.91126645052503	2000
263.9607365303427	2000
264.0161720818883	2000
264.34925827158435	2000
264.4005234207034	2000
264.4242117933127	2000
264.46534876387153	2000
264.5358364277747	2000
264.615706841496	2000
264.68552109082754	2000
264.9413353626528	2000
265.0572231070682	2000
265.0719838938156	2000
265.128001087811	2000
265.2529988454138	2000
265.35746368891114	2000
265.47204299807476	2000
265.85277963660013	2000
265.9960925345548	2000
266.06700545239113	2000
266.44632068057126	2000
266.5891020035584	2000
266.76816641128477	2000
266.7697291881131	2000
266.774578869877	2000
266.98316325077406	2000
267.0012160358385	2000
267.22281285904194	2000
267.4893213564048	2000
267.79421548928366	2000
267.8533807150085	2000
267.85608469087595	2000
267.91151202257464	2000
268.1796393420492	2000
268.2710885177469	2000
268.2728699682957	2000
268.57788341169464	2000
268.6346086887693	2000
268.65240152216705	2000
269.0781532486029	2000
269.2689033925819	2000
269.4765300276958	2000
269.7078772846514	2000
269.76467323809715	2000
269.7937201860723	2000
269.88579565331173	2000
270.2783057097533	2000
270.363006125718	2000
270.40177332382075	2000
270.429334256783	2000
270.4752162267787	2000
270.4951535615789	2000
270.6119262446981	2000
270.6240543210712	2000
270.6297102520922	2000
270.65986039338657	2000
270.67900132585584	2000
270.72075892810585	2000
270.9445746778035	2000
271.0476358463308	2000
271.0715986255943	2000
271.16052814122855	2000
271.2586685887963	2000
271.26449580477123	2000
271.29669116405637	2000
271.47726699979563	2000
271.48946079662153	2000
271.76382384602823	2000
271.8971056376495	2000
272.0325302674156	2000
272.03762726675035	2000
272.0391845598671	2000
272.52425228285153	2000
272.55841700475673	2000
272.6540904937759	2000
272.721384828189	2000
272.72147529046174	2000
272.72726694718637	2000
272.76741005050565	2000
272.89801239782247	2000
273.10740883465564	2000
273.3201652346902	2000
273.53238349060035	2000
273.6187954468755	2000
273.656543361695	2000
273.703326087874	2000
273.70615847748724	2000
273.7102260726139	2000
273.8418558566231	2000
273.8926052344008	2000
273.963692614662	2000
274.3891638957912	2000
274.39543083015656	2000
274.395598003508	2000
274.55140720653947	2000
274.5957040235827	2000
274.75741076871645	2000
274.7834055589143	2000
275.63095867776536	2000
275.7496066474024	2000
275.9728305494003	2000
276.108071478824	2000
276.3036625150221	2000
276.492354158585	2000
276.5941421908437	2000
276.6194056919356	2000
276.6290703270056	2000
276.85530937462784	2000
276.8904571391558	2000
277.0636804213425	2000
277.1370527957384	2000
277.2083903022425	2000
277.5412888536602	2000
277.6380104698268	2000
277.85881799364483	2000
277.95665927660684	2000
278.16004748687527	2000
278.2779886950235	2000
278.2908170798855	2000
278.4365812733524	2000
279.31893625125764	2000
279.4947087081928	2000
279.5748521524413	2000
279.5905979765342	2000
279.66213281487074	2000
279.6826278758728	2000
279.68657996900185	2000
279.7580628681669	2000
279.77105893483673	2000
279.991843131484	2000
280.08807610206685	2000
280.2278265452682	2000
280.2455397304032	2000
280.2487148898779	2000
280.4231474671851	2000
280.5191387532584	2000
280.5577047835359	2000
280.58747238152955	2000
280.87134155246815	2000
281.1900870083894	2000
281.2315869730007	2000
281.6044494795859	2000
282.0692382520605	2000
282.0791072901575	2000
282.10610409076946	2000
282.2268423718075	2000
282.2302967578275	2000
282.53401055167205	2000
282.62199205878886	2000
282.7349996806574	2000
282.7879653652915	2000
282.98917027648787	2000
283.27882635723955	2000
283.7167821857274	2000
283.8362139515203	2000
284.19049607248996	2000
284.2873653075236	2000
284.41897198686115	2000
284.5430222008871	2000
284.78655369929083	2000
284.8196061206154	2000
284.8961039322509	2000
284.967488820327	2000
284.9918383194211	2000
285.0611837132861	2000
285.08564263654	2000
285.09375165198173	2000
285.2336918132966	2000
285.2442968869004	2000
285.35064617065535	2000
285.57396118477084	2000
285.59209211753756	2000
285.5975110095309	2000
285.62058687260577	2000
285.69696677169463	2000
285.79363030107044	2000
285.802408458453	2000
285.883290045168	2000
285.92170115192897	2000
286.08217803008125	2000
286.2376133807361	2000
286.29961183954254	2000
286.30255554686016	2000
286.33190180323675	2000
286.7284552522066	2000
287.2531863269324	2000
287.4800542004479	2000
287.56880195017783	2000
287.6629192871275	2000
287.91558981635404	2000
287.92227322428937	2000
287.94077491171043	2000
288.07550936233844	2000
288.13661705264474	2000
288.22195905773145	2000
288.32208964689505	2000
288.4663734253329	2000
288.53151564493965	2000
288.77811279047603	2000
289.03879571229584	2000
289.38003627019043	2000
289.41488093913205	2000
289.73380942418737	2000
289.91593897680855	2000
289.91679396914554	2000
289.9737909332063	2000
290.13564559122204	2000
290.2141623192859	2000
290.2415010990589	2000
290.3090390332693	2000
290.3823216593036	2000
290.46145444675204	2000
290.48596562294915	2000
290.52630650640367	2000
290.74072682113	2000
290.8059831230009	2000
291.1643403788921	2000
291.1931864983476	2000
291.4437408365066	2000
291.45531360583925	2000
291.56073767248756	2000
291.6245012179634	2000
291.7512449302689	2000
291.89328125036235	2000
291.91195495143955	2000
291.9576124232897	2000
292.2143066165404	2000
292.28531255773726	2000
292.31654114541783	2000
292.3870828331036	2000
292.5279182272552	2000
292.5674203962994	2000
292.77431152650814	2000
292.9846760869301	2000
293.1883364375258	2000
293.2130994962477	2000
293.26552266936517	2000
293.2836713670289	2000
293.52150411289495	2000
293.8786499596492	2000
293.9177801301519	2000
294.12550235772017	2000
294.50619572832437	2000
294.5463915573363	2000
294.5558042033703	2000
294.56157307902095	2000
294.6014757525891	2000
294.6833855333356	2000
295.2076950949443	2000
295.3295710889429	2000
295.3985412908489	2000
295.45168471512477	2000
295.45718939111276	2000
295.52674062798536	2000
295.5413319534425	2000
295.6847261739327	2000
295.9386658939849	2000
295.9750988687145	2000
295.9970506845588	2000
296.0692338346923	2000
296.12558180907115	2000
296.27778619891643	2000
296.3771560598866	2000
296.41968164009273	2000
296.50125334798093	2000
296.7448353494701	2000
296.89723143952426	2000
297.2118039780637	2000
297.2984077723263	2000
297.3277086759998	2000
297.3703220486353	2000
297.4600111215382	2000
297.8165728516721	2000
298.12452337465913	2000
298.61283337001163	2000
298.6402535766737	2000
298.6816997263802	2000
298.85188389006794	2000
299.2127922435182	2000
299.3240902914559	2000
299.3377939334668	2000
299.3842791244832	2000
299.41662023758516	2000
299.57479393969123	2000
299.611137964121	2000
299.6457667941169	2000
299.6721434154825	2000
299.8665455015305	2000
299.8969758403805	2000
300.03575098430383	0
300.0599773616057	20
300.0618667485638	40
300.2031584310545	60
300.47445235904416	80
300.851239924593	100
300.8927032292217	120
301.222359140642	140
301.2600602136556	160
301.4437082671049	180
301.6379745129914	200
301.73582342048275	220
301.81450315597135	240
302.13150488252734	260
302.1814487235339	280
302.21011270210073	300
302.2277057056286	320
302.2417477830907	340
302.3905957626306	360
302.4417289487681	380
302.9549520258965	400
303.0923949851122	420
303.1096061734667	440
303.16356475913915	460
303.2977462828861	480
303.3501532521093	500
303.5927859624084	520
303.7687544130319	540
303.7966953473066	560
303.8629334763626	580
303.9060578323683	600
303.9224873020896	620
303.9713358233465	640
303.9798406715833	660
304.28763894932456	680
304.4302311182131	700
304.57829041352005	720
304.6138782666605	740
304.67820793375677	760
304.72055119136894	780
304.726849767522	800
304.7378369436832	820
304.73856845429344	840
304.9495925025808	860
304.9640081410032	880
305.0494061640279	900
305.08499600675594	920
305.3160659563448	940
305.3255435320328	960
305.5201977235184	980
305.5512552511976	1000
305.62946876091075	1020
305.8773417320119	1040
305.92142804053395	1060
306.05560579382956	1080
306.1663619931235	1100
306.19694768852816	1120
306.35835488859817	1140
306.6031863656365	1160
306.61267907921376	1180
306.61806753846514	1200
306.68082039773685	1220
306.7190425342646	1240
306.9970930589916	1260
307.01815875841163	1280
307.1143573594525	1300
307.4117188904434	1320
307.4294297331477	1340
307.58870889336004	1360
307.6005556804906	1380
307.67050853065047	1400
307.89873075153685	1420
307.9264858750233	1440
308.15976307969953	1460
308.56208499467164	1480
308.57930315209256	1500
308.6039936747347	1520
308.674009639544	1540
308.82199197706746	1560
308.9095276809621	1580
308.93847980119773	1600
309.02409324874037	1620
309.2251821858876	1640
309.24319898107086	1660
309.4055772308039	1680
309.442816437365	1700
309.45500905330397	1720
309.5970990729944	1740
309.6161267127384	1760
309.6744271542296	1780
309.95003941428104	1800
310.0721795327175	1820
310.1628959277438	1840
310.27750231015256	1860
310.2924314122793	1880
310.4381499587384	1900
310.57558945991474	1920
310.6800694960308	1940
310.74547747836476	1960
310.81246220724944	1980
310.99812717617937	2000
311.261006750039	2000
311.31345134843565	2000
311.3186689314532	2000
311.4228642397694	2000
311.6833497316826	2000
311.7208453778241	2000
312.34852566288157	2000
312.38627436009546	2000
312.61527465604775	2000
312.62228192013305	2000
312.62940277009693	2000
312.63807565061927	2000
312.64525673800983	2000
312.7306017204449	2000
312.7782433929666	2000
312.98116665669977	2000
313.13445954146584	2000
313.14675675716506	2000
313.45454414408727	2000
313.65868432411645	2000
313.90926332021735	2000
313.9741710687862	2000
314.2150437074448	2000
314.2416106453317	2000
314.4077092264968	2000
314.49190692429556	2000
314.65072208621194	2000
314.68024947294947	2000
314.7167907157481	2000
314.86191591285603	2000
314.99775068215575	2000
315.1692412879705	2000
315.30555300965966	2000
315.4239498176092	2000
315.5418650937642	2000
315.66482755298136	2000
315.8894027102629	2000
315.89957032830665	2000
315.94803512656705	2000
315.9956368868697	2000
316.09351630830054	2000
316.18011836277105	2000
316.49272424308435	2000
316.8207485390343	2000
317.1080248614146	2000
317.1697057794836	2000
317.2045492929293	2000
317.2479333872796	2000
317.2812427423131	2000
317.28662359607915	2000
317.51961175801034	2000
317.6613972028563	2000
317.73393463071244	2000
317.7810260252444	2000
318.0654867753789	2000
318.12162552939446	2000
318.19367435362483	2000
318.24115225666316	2000
318.7247447196065	2000
318.7483529131235	2000
318.8339562992928	2000
319.03838545155304	2000
319.4593021267603	2000
319.51975158490995	2000
319.534390889023	2000
319.73551665085375	2000
319.79276918561635	2000
320.0464402992228	2000
320.1894964202016	2000
320.2582303932768	2000
320.30088420567444	2000
320.6772265189123	2000
320.95031989812895	2000
321.00366409369826	2000
321.0338857098295	2000
321.10418176793365	2000
321.29714425225217	2000
321.37352770207866	2000
321.6128264266464	2000
321.7765776557464	2000
321.8967826292843	2000
321.9098430798117	2000
321.9633711119727	2000
322.0035855064342	2000
322.1966570810307	2000
322.4594961971406	2000
322.6527747415739	2000
322.6708623760386	2000
322.67313504058	2000
322.6960091775093	2000
322.7184432577191	2000
322.7291291087866	2000
322.78202773870817	2000
322.80642509627074	2000
323.0710352021424	2000
323.1086147716047	2000
323.25506519936	2000
323.3219556056996	2000
323.41006210731905	2000
323.5420952740631	2000
323.5742521468391	2000
323.71076279160076	2000
323.7126877386058	2000
323.7745331300641	2000
323.78972088258973	2000
323.89566989191616	2000
323.923665344183	2000
324.20852076823496	2000
324.4102571458492	2000
324.55840286721326	2000
324.60987896696514	2000
324.6616681828203	2000
324.6934604159457	2000
324.9868216920149	2000
325.0471508460094	2000
325.2064176495632	2000
325.4944834127194	2000
325.7220293563793	2000
325.7923832062734	2000
325.9196140211814	2000
325.96747239915317	2000
326.08106856432255	2000
326.12899898752636	2000
326.1508696052623	2000
326.47764270607036	2000
326.60213022173446	2000
326.90907127408144	2000
327.09354249768563	2000
327.3828748698033	2000
327.4521948534077	2000
327.5344101973714	2000
327.5362829420441	2000
327.5527146901277	2000
327.579319594519	2000
327.6667460142948	2000
327.7216741632161	2000
327.9509302179954	2000
328.1454016472135	2000
328.2027344149052	2000
328.28562707013145	2000
328.32152741130756	2000
328.5709332614545	2000
328.6122826791483	2000
328.72994377762575	2000
328.74851033700236	2000
328.76159808099356	2000
328.96139963563513	2000
329.0332521195731	2000
329.13689544666755	2000
329.34719537299225	2000
329.39990741586354	2000
329.5496875313038	2000
329.56890524383107	2000
329.70892595022275	2000
329.81751308773335	2000
329.9046847957418	2000
330.0475910614201	2000
330.1423769421592	2000
330.1432526612897	2000
330.3900235993823	2000
330.6087412556452	2000
330.6507784015638	2000
330.6545136250348	2000
330.83750516361437	2000
331.0112434415571	2000
331.1011474154052	2000
331.176522876958	2000
331.4439504398725	2000
331.5927692313512	2000
331.6067019376311	2000
331.6073313084287	2000
331.6186363547001	2000
331.7908256355859	2000
331.8332597601329	2000
331.8421680737457	2000
332.00125915278414	2000
332.05007754308286	2000
332.10228305474993	2000
332.6436302057036	2000
332.7059680231114	2000
333.07514581254196	2000
333.1649812897259	2000
333.2437263445245	2000
333.70790599185244	2000
333.70961081576075	2000
333.8470755317909	2000
333.8806609813675	2000
334.3688852231204	2000
334.4718922195964	2000
334.5996239871479	2000
334.63852995011723	2000
334.88756825222276	2000
334.960487095881	2000
334.986666383281	2000
335.0036616514773	2000
335.0146079280443	2000
335.0849073598928	2000
335.2262374814852	2000
335.3062803041438	2000
335.3419226723117	2000
335.8244975657998	2000
335.87434811701775	2000
335.9533409644456	2000
336.1377281132837	2000
336.213242521784	2000
336.2695895711552	2000
336.5001147941003	2000
336.6738870534984	2000
336.7355781896507	2000
336.84219442684696	2000
336.87989030455867	2000
336.90540950954346	2000
337.0500115765627	2000
337.1341567180568	2000
337.2895207200255	2000
337.37624419709266	2000
337.4292278773121	2000
337.4774442890139	2000
337.62802461451827	2000
337.6362395773363	2000
337.68367992489533	2000
337.70534795476686	2000
337.8252370204434	2000
337.84519108641643	2000
338.1095215100977	2000
338.3071824255056	2000
338.485843635359	2000
338.5775846360356	2000
338.7237196808349	2000
338.7384910331408	2000
338.7875999542689	2000
338.915608204073	2000
339.0879403598784	2000
339.12988686746263	2000
339.1563403864289	2000
339.19655907407116	2000
339.5042640650405	2000
339.5210902764561	2000
339.55244949456636	2000
339.68826517294394	2000
339.70800963191726	2000
339.8467532830782	2000
339.99863217029366	2000
340.08090293415347	2000
340.08577363532015	2000
340.14040037263675	2000
340.18742463759463	2000
340.2858059272258	2000
340.47317415739	2000
340.92004420221065	2000
341.00157390839325	2000
341.28913979776587	2000
341.346853112857	2000
341.3498979770277	2000
341.3565744944081	2000
341.48151328862485	2000
341.5250943371195	2000
341.5370979557826	2000
341.5568322491607	2000
341.6238589641174	2000
342.00805712557707	2000
342.0111256913974	2000
342.23765106242456	2000
342.2876871885075	2000
342.35724378515386	2000
342.5947325443594	2000
342.6554805951146	2000
342.77712580102707	2000
342.87819041858035	2000
342.9546703937364	2000
343.36214424391903	2000
343.42796039411576	2000
343.49843180698906	2000
343.7627850931841	2000
343.7922601539075	2000
343.83733640610205	2000
343.91637202392496	2000
344.0957630786804	2000
344.1095193924737	2000
344.2651022780454	2000
344.29211572225904	2000
344.29257838190705	2000
344.37316105035563	2000
344.38221673315866	2000
344.4200330882339	2000
344.43052444493617	2000
344.623076822806	2000
344.7536776705339	2000
344.84852043008266	2000
345.01340495613135	2000
345.1594468957143	2000
345.1957936637865	2000
345.32505904283425	2000
345.4032783006643	2000
345.59407443707096	2000
345.617346486146	2000
345.64829660158256	2000
346.0480178841728	2000
346.15310270100906	2000
346.3611580988344	2000
346.40733215727255	2000
346.486924847495	2000
346.6101457800267	2000
346.6542301335791	2000
346.7419809893748	2000
346.75867590468545	2000
346.79172711857257	2000
346.80326009663867	2000
346.8446685477376	2000
346.9438983047957	2000
346.9569165255031	2000
346.9607692810131	2000
347.094727123744	2000
347.1326762470751	2000
347.2288358274768	2000
347.5669236752523	2000
347.66708249924756	2000
347.798081012609	2000
348.0265370077683	2000
348.06222207424923	2000
348.42984023260215	2000
348.5810119064743	2000
348.6222798829338	2000
348.84083884610715	2000
349.10263667188576	2000
349.47346330607525	2000
349.49976665002936	2000
349.6022910945523	2000
349.691298165647	2000
349.7703135331711	2000
349.8650658126389	2000
349.89352735263856	2000
349.9591335142061	2000
350.25768513489766	2000
350.2787423788606	2000
350.27883815870405	2000
350.30944194603654	2000
350.5362412136673	2000
350.74226160492367	2000
350.86790410205515	2000
351.07514143783743	2000
351.127010173468	2000
351.1273900024407	2000
351.27275926071644	2000
351.5544577887634	2000
351.5726393060487	2000
351.6158380368704	2000
351.63274845266403	2000
351.6833147754336	2000
351.8803571681687	2000
351.980356307148	2000
352.0078091382728	2000
352.0080516847958	2000
352.0515178688288	2000
352.1345621756379	2000
352.6659820026806	2000
352.74736347131864	2000
352.78532766900736	2000
352.87366481208807	2000
352.8923685237227	2000
353.37203675815954	2000
353.40660513986296	2000
353.4877721142823	2000
353.504805247358	2000
353.67222671770884	2000
353.69364900326406	2000
353.78012845363446	2000
353.81107325788486	2000
353.8622895726501	2000
353.8698311092643	2000
353.8790317843363	2000
354.0090131510451	2000
354.01863397218614	2000
354.07114403842854	2000
354.12659833661274	2000
354.27913015948747	2000
354.7862205857851	2000
354.80052291099787	2000
354.81704960074603	2000
354.8546301919807	2000
354.9162163452962	2000
355.2527515990331	2000
355.2656628845006	2000
355.41682412103756	2000
355.4590295204625	2000
355.52755312974034	2000
355.8861644629545	2000
355.94650488949856	2000
356.1095807989376	2000
356.49540391815714	2000
356.5127211792644	2000
356.60270617711535	2000
356.8045818330605	2000
356.88970535928513	2000
356.9839182382555	2000
357.1056269799865	2000
357.1521842933963	2000
357.24066890395846	2000
357.2519432130098	2000
357.34660521426093	2000
357.3716733959912	2000
357.7590181130028	2000
357.94965689070096	2000
358.0847207842038	2000
358.09981990687214	2000
358.2523696055362	2000
358.2683288244373	2000
358.3278507599855	2000
358.361976485282	2000
358.37053289183694	2000
358.41188077982906	2000
358.5660878826017	2000
358.6144675836012	2000
358.8839307578389	2000
358.9939612853425	2000
359.083241430689	2000
359.1065649085094	2000
359.16163251022164	2000
359.2032578255761	2000
359.2462193909883	2000
359.35449082861794	2000
359.4309652046242	2000
359.45361750360945	2000
359.5360010940065	2000
359.93167475892017	2000
359.99553819383857	2000
360.2334758979113	0
360.34929298189303	20
360.44776677289076	40
360.45008419751997	60
360.5874541608452	80
360.62760224493263	100
360.94435450958713	120
360.9889211687149	140
360.98943561044064	160
360.99624235648326	180
361.13312566605646	200
361.56771418587726	220
361.62492998744324	240
361.8353497125341	260
361.8539674995908	280
361.8679083370047	300
361.87487272726855	320
361.97755665271933	340
361.98409820249145	360
362.47754427150477	380
362.55234245004215	400
362.7972342888177	420
362.9278271599594	440
362.9954568372855	460
363.0351070672754	480
363.15061309702065	500
363.28744365270586	520
363.30892970876	540
363.3801969410297	560
363.47657127994296	580
363.5798696294052	600
363.69155282348197	620
363.73410382223614	640
364.079059099493	660
364.24531481191786	680
364.3175978608286	700
364.426872858258	720
364.4467761208477	740
364.54360514677415	760
364.6076274421042	780
364.7565154488369	800
364.7611143815592	820
364.8085054932103	840
364.91654636734495	860
365.34740196602553	880
365.42414790577413	900
365.4692077917401	920
365.4832031142761	940
365.6091543740523	960
365.646790016723	980
365.75073357003464	1000
365.8550054656275	1020
366.0039483446028	1040
366.05157677808216	1060
366.13618101414676	1080
366.21501379523465	1100
366.51271231820505	1120
366.5834793340836	1140
366.5872450148342	1160
366.7177722798312	1180
367.01060737342664	1200
367.0939521026629	1220
367.10813965444805	1240
367.3185722440568	1260
367.6836658352439	1280
368.16558361818096	1300
368.2488832461934	1320
368.3636933926567	1340
368.50071399599835	1360
368.5504344378298	1380
368.66832875954384	1400
368.77854028333047	1420
368.87696467400116	1440
368.9135375856168	1460
368.92463950693883	1480
369.10616896172496	1500
369.2199422708361	1520
369.2591063643027	1540
369.8964681749425	1560
369.9573351326925	1580
369.9975690750343	1600
370.0001932823936	1620
370.21727761429844	1640
370.2384066212293	1660
370.37552943232777	1680
370.6533772218042	1700
370.6768171133455	1720
370.8074420265919	1740
371.22741141320347	1760
371.76201493678894	1780
371.87809214617675	1800
371.99938433485266	1820
372.2998696082896	1840
372.7613452453807	1860
372.8409197846049	1880
372.9374713260964	1900
372.93885902966844	1920
372.98759881923775	1940
373.10569425558083	1960
373.25978007295396	1980
373.42470946771533	2000
373.47449018795277	2000
373.6947724490946	2000
373.7333843473517	2000
373.8756626434835	2000
373.98188424882613	2000
374.0537531076271	2000
374.0715221881674	2000
374.1588375780657	2000
374.24238209440523	2000
374.24626548116225	2000
374.2649633181687	2000
374.3990528100952	2000
374.43099410488645	2000
374.53782114169877	2000
374.7095242080269	2000
374.77217306948205	2000
374.9866226821091	2000
375.208621575805	2000
375.6786341014712	2000
375.6815906580038	2000
375.76919070264967	2000
375.82765576497064	2000
375.96108132699817	2000
376.0694669572086	2000
376.1436117174158	2000
376.2324518629149	2000
376.33264173033393	2000
376.46888797783646	2000
376.5131594650898	2000
376.514882676852	2000
376.66066832979413	2000
376.6962582747054	2000
376.7449202474852	2000
376.9755507683127	2000
377.0798103162184	2000
377.38951366709864	2000
377.5177330743963	2000
377.58965689936934	2000
377.82999247012935	2000
377.8615949880392	2000
377.9508011632668	2000
378.2373491991892	2000
378.2782381672511	2000
378.4097856417417	2000
378.62322823614966	2000
378.6832283671698	2000
378.71555720670074	2000
378.73608913443553	2000
378.9860193340713	2000
379.044206508876	2000
379.07867985310446	2000
379.12209566866477	2000
379.24465882519746	2000
379.4674143390062	2000
379.77705514662216	2000
379.7841998196278	2000
380.04747679675614	2000
380.14997645658553	2000
380.2604916233645	2000
380.56236612226996	2000
380.7962445060627	2000
380.80863494101334	2000
380.995874494623	2000
380.99724064930933	2000
381.32828192817885	2000
381.90803363604334	2000
382.0341403816728	2000
382.4208444906561	2000
382.4822731213968	2000
382.6232861645727	2000
382.6440161991528	2000
382.67503076889346	2000
382.6887434072665	2000
382.7849456352741	2000
382.8490069137184	2000
383.07927499559645	2000
383.1063324493582	2000
383.2231032113496	2000
383.4913894765065	2000
383.60285229819937	2000
383.8867869791164	2000
383.93541044350843	2000
384.0520148985666	2000
384.1147454551168	2000
384.12035372900226	2000
384.2987041881592	2000
384.32120505668047	2000
384.63283567202564	2000
384.668159871667	2000
384.6778094372143	2000
384.7175944529859	2000
384.7918105034403	2000
384.93259591117436	2000
384.9742087963133	2000
385.1806963588591	2000
385.21252240261794	2000
385.4189062471322	2000
385.47187643803784	2000
385.5787136371734	2000
385.8044891929821	2000
385.8336613207669	2000
386.0931181747346	2000
386.16298906595995	2000
386.3229897250669	2000
386.3320181990178	2000
386.3995743628186	2000
386.4968013360837	2000
386.5132960442759	2000
386.6694694106841	2000
386.68582510556155	2000
386.7734672521235	2000
386.77685601686704	2000
386.91735250111105	2000
386.9763915789503	2000
387.0707429050408	2000
387.17693631244333	2000
387.2025782508868	2000
387.2857831950958	2000
387.3060083870376	2000
387.35152899491237	2000
387.3984847860381	2000
387.8468571211931	2000
387.89823326343384	2000
388.01847480493274	2000
388.20853957894883	2000
388.34040448298845	2000
388.37772841199956	2000
388.67424407163514	2000
388.9032178819072	2000
388.9230765396507	2000
389.2748454156849	2000
389.3243200406293	2000
389.66777956390524	2000
389.8316724496139	2000
389.97131749741584	2000
389.9992027189735	2000
390.3832993748432	2000
390.4268090235452	2000
390.56256620068285	2000
390.63423765566836	2000
390.97896047916987	2000
391.03214998523856	2000
391.2354303891044	2000
391.2972383543989	2000
391.5207598412573	2000
391.8442588288117	2000
391.9339172933391	2000
392.1019135839639	2000
392.21010790179724	2000
392.2669876163636	2000
392.33209058514086	2000
392.74865407854554	2000
392.83352129198755	2000
393.0989401056475	2000
393.2173892588042	2000
393.9723318558352	2000
394.0334390471872	2000
394.0453368899596	2000
394.10710951968724	2000
394.1909462188	2000
394.2232433866632	2000
394.45105799140504	2000
394.72971015111295	2000
394.88594936738656	2000
395.2264255398637	2000
395.42463384933	2000
395.4298949802288	2000
395.68745122296446	2000
395.86766905257707	2000
396.2558984633636	2000
396.26124881097894	2000
396.4054745603337	2000
396.64049025118413	2000
396.91314964845304	2000
396.9558623238176	2000
397.0337732145489	2000
397.05790421229807	2000
397.23655544609676	2000
397.45915913717954	2000
397.6239780286979	2000
397.8180142105446	2000
397.91107687232056	2000
398.1828978068766	2000
398.2192836909567	2000
398.2844551465864	2000
398.298132780714	2000
398.4283922270119	2000
398.4389686612503	2000
398.6598307007248	2000
398.84623728392387	2000
398.8897233872485	2000
399.1460513795578	2000
399.17452640703476	2000
399.4392652482555	2000
399.4810196426282	2000
399.48161845055574	2000
399.4827029182884	2000
399.4869132839823	2000
399.53095179281087	2000
399.5981718811434	2000
399.61017004361884	2000
399.62605239354474	2000
399.6635599257968	2000
399.69781147044733	2000
399.9803707989525	2000
400.06190110912564	2000
400.37408842833867	2000
400.49101239646393	2000
400.65096601062584	2000
400.69182440824073	2000
400.80816380070524	2000
400.9180219921679	2000
401.09689613383034	2000
401.11377011539565	2000
401.25756936953275	2000
401.5132165098559	2000
401.53097589769413	2000
401.67779019248195	2000
401.8566934353999	2000
402.1733258809278	2000
402.2956882097459	2000
402.3067375227649	2000
402.4326737687313	2000
402.73453186216545	2000
402.85608180491295	2000
403.0251726210931	2000
403.1071703575213	2000
403.12981532999515	2000
403.18120071151793	2000
403.1916877479911	2000
403.3434985168898	2000
403.36418946580943	2000
403.50067436920824	2000
403.53147160708437	2000
403.63810192222695	2000
403.7321982873208	2000
403.7470073703737	2000
403.77261372130573	2000
403.80631692468074	2000
404.0279385798568	2000
404.0851269264576	2000
404.1753374313994	2000
404.3267475690713	2000
404.3430779677599	2000
404.63843276055053	2000
404.79016589362715	2000
405.00097027143715	2000
405.0090522653063	2000
405.13184456055006	2000
405.13592369722295	2000
405.39050012677455	2000
405.44233689483934	2000
405.686535062418	2000
405.7099663936906	2000
405.7920784009545	2000
406.0424055680866	2000
406.06691676145323	2000
406.0671190958541	2000
406.3299166403246	2000
406.6805513416966	2000
406.86777028177585	2000
406.9549648533486	2000
407.1649299644545	2000
407.20596137919074	2000
407.3311611147647	2000
407.36821214300016	2000
407.415963313569	2000
407.647182732801	2000
407.7262659376181	2000
407.89920110413965	2000
407.9211511999741	2000
407.9233784064571	2000
408.1549056843312	2000
408.17957231572007	2000
408.2702576589568	2000
408.32697614145087	2000
408.3900001843583	2000
408.47828959890495	2000
408.60361445108043	2000
408.7932295427635	2000
408.88769770494565	2000
408.9136762307651	2000
409.3199756120039	2000
409.5694868624862	2000
409.7404978892128	2000
409.83247370031233	2000
409.98618002046913	2000
410.140513301087	2000
410.1679253558052	2000
410.1709412628084	2000
410.4388554174846	2000
410.5042491102239	2000
410.59287047122257	2000
410.95141047855884	2000
410.96719889089053	2000
411.13815077809096	2000
411.2024323181888	2000
411.2902580927246	2000
411.3219426784427	2000
411.499278104315	2000
411.508729745564	2000
411.52754199058006	2000
411.57655988415183	2000
411.7144062525043	2000
411.77993401323965	2000
412.2178628737811	2000
412.32989040735555	2000
412.53520231773575	2000
412.5400333591179	2000
412.6147317902809	2000
412.83030693723344	2000
412.9996624253375	2000
413.1251117396694	2000
413.193757178544	2000
413.3002954263652	2000
413.5010942368816	2000
413.72345136393835	2000
413.84053484464675	2000
413.84101982522463	2000
413.9050315424938	2000
414.07334693566304	2000
414.3174167556857	2000
414.4348330137193	2000
414.7430366862243	2000
415.2689302518443	2000
415.30161841896455	2000
415.38230350081716	2000
415.6884501246534	2000
415.693620576655	2000
415.7341595099199	2000
415.9627119671721	2000
416.3938948520615	2000
416.66264467691934	2000
416.93278088870335	2000
417.11420436054226	2000
417.22287359101415	2000
417.2535204978317	2000
417.2655948784379	2000
417.68804333410145	2000
417.7011427856545	2000
417.7060046772849	2000
417.8628535250481	2000
417.9864894981752	2000
418.13251891430326	2000
418.1364943428285	2000
418.19461170581076	2000
418.317242235908	2000
418.54168935898764	2000
418.6721402657422	2000
418.75918207367073	2000
418.7884529282698	2000
418.99259304407275	2000
419.0762259419697	2000
419.25221281428634	2000
419.25442495220705	2000
419.3196122121728	2000
419.4067590709109	2000
419.5130749830318	2000
419.5433264780584	2000
419.5716553274619	2000
419.633996077475	2000
419.8244172105259	2000
420.4693634520493	0
420.47381911324095	20
420.5050172556464	40
420.60265265938176	60
420.9670170153659	80
420.98553556844126	100
421.0133672312811	120
421.2722127479667	140
421.27326146452907	160
421.37641003387876	180
421.6163863794139	200
421.7216943131477	220
422.02216021304673	240
422.14114206748593	260
422.74921103408013	280
423.01776297062383	300
423.0759876902986	320
423.2436161802198	340
423.3044966950345	360
423.3452360471759	380
423.40360633130604	400
423.66060944704753	420
423.6953944317982	440
423.7725776035038	460
423.79464807799053	480
423.8833541118418	500
423.9106657953006	520
424.0166999338703	540
424.06175570222223	560
424.3083240690311	580
424.34883286977106	600
424.49984929714236	620
424.51907508907414	640
424.5763181417193	660
424.7118733678233	680
424.906703003342	700
424.982804114688	720
425.1012051785387	740
425.28776385276336	760
425.36297442504315	780
425.5189901543399	800
425.5585114913964	820
425.57438483872335	840
425.7604039943926	860
425.8435843520745	880
425.8682292793244	900
425.98514428736405	920
426.1557601567017	940
426.28805225863425	960
426.4600732937048	980
426.49991320420986	1000
426.78826547395204	1020
426.89428633004195	1040
427.1304395326411	1060
427.20495249205055	1080
427.21837154449923	1100
427.2242134249547	1120
427.7218921315761	1140
427.7375098076956	1160
427.7816509781841	1180
428.1755860080201	1200
428.2316364260698	1220
428.27383720099516	1240
428.28450195825843	1260
428.37130512911637	1280
428.5549873461142	1300
429.2829173347657	1320
429.29582666313036	1340
429.4147890871564	1360
429.4467451523333	1380
429.5122698609427	1400
429.53254413907337	1420
429.5962738559553	1440
429.6240733736816	1460
429.76260941928325	1480
429.82908679318183	1500
430.4285523914471	1520
430.59926704256924	1540
430.955160781755	1560
431.16922871639593	1580
431.37752802998756	1600
431.4379111768022	1620
431.5160912453842	1640
432.010592828588	1660
432.0457619288109	1680
432.0807720324008	1700
432.5921943465779	1720
432.6773242911746	1740
432.8515762404304	1760
432.89350528958454	1780
433.13497401648493	1800
433.19388061011466	1820
433.2012641274512	1840
433.22377096249954	1860
433.23191307015003	1880
433.49927688798266	1900
433.6709045607052	1920
433.7640230910598	1940
433.7785127085791	1960
433.9046800204045	1980
433.9103097984571	2000
433.9228186688122	2000
434.0394254021752	2000
434.2860765638073	2000
434.32401048159034	2000
434.35630157462515	2000
434.55007542057035	2000
434.86916775908935	2000
434.9394514395934	2000
434.98169275735637	2000
435.15777685633265	2000
435.16167469539755	2000
435.26360502865936	2000
435.50150719024947	2000
435.5032703925271	2000
435.7871530830295	2000
435.8638568092171	2000
435.88900953897263	2000
435.9048208083386	2000
436.0056337657693	2000
436.15299214821886	2000
436.1779907124879	2000
436.35497344572934	2000
436.4029207700787	2000
436.59546873553523	2000
436.8413644478108	2000
437.06135219632796	2000
437.1299907949664	2000
437.260840023618	2000
437.30774849303225	2000
437.33131050021046	2000
437.6776053386681	2000
437.69169085505905	2000
437.722385440124	2000
437.7518421481263	2000
437.77171232271763	2000
437.8026332451977	2000
437.9482259606749	2000
438.03411689062335	2000
438.0922429704997	2000
438.15286175216465	2000
438.25940167079654	2000
438.3733865645255	2000
438.41587861419566	2000
438.5382148923254	2000
438.5648321503401	2000
438.6489068200571	2000
438.93853805528903	2000
438.9386210748839	2000
439.035524193332	2000
439.08147282536856	2000
439.2770901028152	2000
439.31371332956536	2000
439.6238538244717	2000
439.65710231603936	2000
439.7115975837472	2000
440.0255329531537	2000
440.05942457162473	2000
440.2880069817389	2000
440.3034848499248	2000
440.34762362861915	2000
440.35282956823596	2000
440.5977947749527	2000
440.7484409250587	2000
440.78201349589136	2000
440.8950352760408	2000
440.9986115556391	2000
441.0532996864379	2000
441.2175202779276	2000
441.33533175903045	2000
441.3397183369581	2000
441.5837535116854	2000
441.65823956801376	2000
441.7358500886268	2000
441.7735178789599	2000
441.7776936980945	2000
441.8292470258882	2000
441.9257888090832	2000
442.19800749455885	2000
442.2416781954621	2000
442.25822980266673	2000
442.31909286164415	2000
442.3649465686294	2000
442.42920030887586	2000
442.4310183309018	2000
442.5626908825732	2000
442.633951229603	2000
442.7768019364366	2000
442.8864981671644	2000
444.02624813490104	2000
444.0346304492985	2000
444.14276715825685	2000
444.36101818225137	2000
444.45298128795537	2000
444.50612588052627	2000
444.69094551599187	2000
444.82845791156967	2000
444.83601717896886	2000
444.9130833172924	2000
444.9934546007471	2000
445.05396466863016	2000
445.1484214730853	2000
445.1726068451117	2000
445.1972734057314	2000
445.36321806412064	2000
445.4684055406551	2000
445.48017877765926	2000
445.58110333838925	2000
446.07390978409535	2000
446.1549652737587	2000
446.29479163930074	2000
446.4340624196296	2000
446.54200970000886	2000
446.69501553576004	2000
446.7176576194018	2000
446.84130744641993	2000
447.0589532325252	2000
447.19766168507124	2000
447.4297584780698	2000
447.64179189879786	2000
448.1106942628852	2000
448.1902514935416	2000
448.29133670416076	2000
448.37663639736644	2000
448.54198000557653	2000
448.6043545829335	2000
448.79748951405634	2000
448.91595830282085	2000
449.2858055616212	2000
449.292414841698	2000
449.3184096943745	2000
449.4321322065915	2000
449.55387667532005	2000
449.5593903591522	2000
449.8108224724508	2000
449.81547496464424	2000
450.0011761202964	2000
450.01986813419074	2000
450.06070593980195	2000
450.1704423114817	2000
450.20820319398223	2000
450.3678882338125	2000
450.39699087953426	2000
450.4625086908767	2000
450.48304047876	2000
450.49263018124174	2000
450.84875222337564	2000
451.06853920325165	2000
451.0869139596656	2000
451.2562853723821	2000
451.41827911557107	2000
451.419441697722	2000
451.47670287507367	2000
451.5456927352494	2000
451.7336976281793	2000
451.8403312243462	2000
451.9557290836561	2000
452.02113107898396	2000
452.02941978699437	2000
452.0573016233406	2000
452.092262094433	2000
452.155415728988	2000
452.2486739455303	2000
452.3635956303697	2000
452.4444211213645	2000
452.75436878765083	2000
452.96737521944436	2000
452.97857500780026	2000
452.9936684385461	2000
453.29821947554376	2000
453.32342884524945	2000
453.43875328505965	2000
453.5016889873741	2000
453.5121506367969	2000
453.7849434923688	2000
454.0787747544749	2000
454.0844683366683	2000
454.22122912612696	2000
454.45551963264046	2000
454.5244628808499	2000
454.71239653094915	2000
454.8800391067248	2000
455.05470898630574	2000
455.05671144909167	2000
455.2623037010645	2000
455.287444496579	2000
455.7474729484146	2000
455.85539821997924	2000
455.8861017895939	2000
456.2221614116944	2000
456.27638380463696	2000
456.8380036796504	2000
456.97080307924915	2000
457.12642417590877	2000
457.4112299721018	2000
457.4482479952757	2000
457.58982592953055	2000
457.59489216787483	2000
457.7881443450935	2000
457.90775329765614	2000
457.93037720973103	2000
458.4011476312357	2000
458.56482785375516	2000
458.6293415607839	2000
458.9256735452975	2000
459.0079650918278	2000
459.0670198812056	2000
459.1970032378297	2000
459.39168985891206	2000
459.4887635975613	2000
459.5537275591426	2000
460.0766941969681	2000
460.2901610688585	2000
460.6299039778035	2000
460.68831740306996	2000
460.6957305610994	2000
460.9097106570271	2000
461.01287510141356	2000
461.09535076440415	2000
461.1976207595358	2000
461.22996349181716	2000
461.3455592307284	2000
461.3603354547875	2000
461.8442709153519	2000
461.85496073494136	2000
461.86235924463057	2000
461.95025074344505	2000
461.9720446336667	2000
461.9957369387939	2000
462.05756615362856	2000
462.0680746684909	2000
462.2061293224007	2000
462.24968861297	2000
462.47193596037806	2000
462.55203130741813	2000
462.6048703690551	2000
462.6354646302125	2000
462.6853234772309	2000
462.7291057985828	2000
463.0119254040393	2000
463.05021894188195	2000
463.07141376550516	2000
463.1822082375049	2000
463.4105107585201	2000
463.41956003810645	2000
464.01440095872925	2000
464.24274545247226	2000
464.2798719002364	2000
464.40888578648133	2000
464.5321858382376	2000
464.83721786038353	2000
465.0536877766468	2000
465.138784397574	2000
465.1674794250274	2000
465.3157625155028	2000
465.51583735207726	2000
465.649593711426	2000
465.65923705459187	2000
465.7497824344783	2000
465.8480625678155	2000
465.9043295260056	2000
465.91517917471106	2000
466.0026619598699	2000
466.23641272849477	2000
466.52643466781694	2000
466.89680083938356	2000
466.98587796844646	2000
467.0344837448847	2000
467.3043492279756	2000
467.40126009770495	2000
467.58018759846516	2000
467.79575569290694	2000
467.83434135537425	2000
467.8907048550184	2000
468.0474399293676	2000
468.39195137780956	2000
468.46586676858516	2000
468.73004193964414	2000
468.77425750191657	2000
468.87019189684924	2000
469.1303203611994	2000
469.22308004223817	2000
469.23126205048504	2000
469.30978067588296	2000
469.5454966973543	2000
469.9434923718697	2000
469.9799382790523	2000
470.01749927490715	2000
470.0218759125428	2000
470.2387524307992	2000
470.33100474015555	2000
470.3458798098111	2000
470.4947198236048	2000
470.5111695796404	2000
470.69912043084764	2000
470.89953672185663	2000
470.94663119796274	2000
470.95705552197126	2000
470.99833744999285	2000
471.0868940559216	2000
471.3492823505527	2000
471.38747881415304	2000
471.42216140816026	2000
471.5173423548175	2000
471.9635636416576	2000
472.1487879708786	2000
472.1678708782057	2000
472.1731387470764	2000
472.3134284507498	2000
472.43338223606787	2000
472.4730171865779	2000
472.5121498121183	2000
473.35387367995435	2000
473.4180784789974	2000
473.6913444930973	2000
473.8870268570147	2000
473.9703263739522	2000
473.9761150328173	2000
474.04282919651575	2000
474.05755270927347	2000
474.06935115856436	2000
474.3184101798781	2000
474.7639297080138	2000
475.1564270354346	2000
475.2066938077879	2000
475.33660898784615	2000
475.5101087602929	2000
475.8062417552607	2000
475.8065769904782	2000
475.8381516348139	2000
475.8853006767554	2000
475.95070833814464	2000
476.07637147779997	2000
476.3205882223279	2000
476.3298832355254	2000
476.43244979652	2000
476.5251479744472	2000
476.6353247811855	2000
476.8659392646816	2000
476.8834240334442	2000
476.96750804779896	2000
477.02484532699555	2000
477.05804119506803	2000
477.06454690773955	2000
477.2666794517214	2000
477.34071477810784	2000
477.6342580139964	2000
477.6632374199714	2000
477.7078906993657	2000
478.01942752024945	2000
478.06038048874206	2000
478.08653357596233	2000
478.30098020974145	2000
478.310317456152	2000
478.3112003465202	2000
478.744618502875	2000
479.141802826395	2000
479.16788593303926	2000
479.25274200544663	2000
479.4343890670201	2000
479.5498609224843	2000
479.73155873067225	2000
479.7573414040408	2000
479.7950382401598	2000
480.1591981673902	0
480.20750146781756	20
480.267347695032	40
480.44848904397105	60
480.4776174168147	80
480.7181835525552	100
481.12755438399324	120
482.0444328102759	140
482.0778026963478	160
482.0891340571213	180
482.12284972209096	200
482.38159529731934	220
482.3960048709888	240
482.41182264919644	260
482.4182657455496	280
482.6370570708956	300
482.70387917645763	320
482.8025910729279	340
482.8528931736875	360
482.9392867812814	380
483.2523164655071	400
483.4539847186188	420
483.67757101737004	440
483.86364330253787	460
484.0774723828582	480
484.1820216786471	500
484.26796161328144	520
484.28472766764787	540
484.5671700730893	560
484.5907667620405	580
484.70012661500084	600
484.7772635949764	620
485.2264916518562	640
485.28900703494827	660
485.61272045622115	680
485.74799067463783	700
485.89838465050644	720
486.0872919757953	740
486.15109679682706	760
486.3224077714271	780
486.4812589958798	800
486.49767384205893	820
486.6390256772265	840
486.64129099755013	860
486.68889034839765	880
486.7732177229468	900
486.8144647718596	920
486.9109647720564	940
487.8052912002206	960
487.8541771960777	980
487.9085316374912	1000
487.9147419593834	1020
487.9603881980332	1040
487.96722728103776	1060
488.03334898163286	1080
488.14351718760855	1100
488.1680847472455	1120
488.270796049945	1140
488.30855241516986	1160
488.4673565388363	1180
488.5046045600882	1200
488.55531799505746	1220
488.56302563376687	1240
488.794282055526	1260
489.24370963853715	1280
489.27667959184606	1300
489.4259345902799	1320
489.65589165122805	1340
489.9652863719721	1360
490.1257464294687	1380
490.3461084360089	1400
490.35416283189295	1420
490.3730700003438	1440
490.3784522516579	1460
490.49164991672154	1480
490.5868657296228	1500
490.6140345081314	1520
490.6193172629886	1540
490.7103032720381	1560
490.7457340497408	1580
490.8255940554951	1600
491.2190848638902	1620
491.2800997496649	1640
491.3764257325117	1660
491.48558371979476	1680
491.52595213028405	1700
491.5431233079827	1720
491.6108689800663	1740
491.7743509554507	1760
492.14739103130654	1780
492.1530784292738	1800
492.2708229344178	1820
492.35520589153634	1840
492.36859667579114	1860
492.51186531164996	1880
492.56063499516	1900
492.57376712722134	1920
492.8004855544257	1940
493.6555371501766	1960
494.1198989305201	1980
494.12119269435635	2000
494.12672793020846	2000
494.55660371614397	2000
494.94181105466845	2000
495.00516054891415	2000
495.00897227736885	2000
495.18692957286663	2000
495.262732921267	2000
495.3786199158011	2000
495.41496688229745	2000
495.4200973477245	2000
495.44247572424376	2000
495.62474235959854	2000
495.67392078240727	2000
495.7438198690588	2000
496.33653600664655	2000
496.46492041720325	2000
496.5496962526443	2000
496.6360363834586	2000
496.6438291851133	2000
496.96022324547766	2000
497.00713601531606	2000
497.0769930147213	2000
497.1199557135589	2000
497.20903636884947	2000
497.23101746615015	2000
497.38034245162646	2000
497.41668583339987	2000
497.5796829329197	2000
497.6366633975859	2000
497.6538084357068	2000
497.9291811541162	2000
497.948575982561	2000
497.9578461312344	2000
498.0425745060512	2000
498.08700822073484	2000
498.14630410045044	2000
498.3751630227762	2000
498.4080732431806	2000
498.4722024714609	2000
498.54226294647657	2000
498.57438842460243	2000
498.65477554948234	2000
498.8034921649541	2000
498.8665006911591	2000
498.92526335981495	2000
499.4052384728261	2000
499.43534299050094	2000
499.9841269066597	2000
500.0542792440171	2000
