time(seconds)	aggragete Attack(Mbps)
0.2889784593695026	20
1.0902733336387953	40
1.1420107030193243	60
2.046418929124599	80
2.069136718311499	100
2.262505510687568	120
2.3115983299106397	140
3.0069000496957106	160
3.1179361819066216	180
3.171365949851624	200
3.2663383020750647	220
3.8352301089375693	240
4.049441590653477	260
4.276255500649718	280
4.85072178374868	300
5.237962698421826	320
5.911389162377411	340
6.015823584217561	360
6.713959037373797	380
7.313685850723728	400
7.823903769475919	420
8.168455649032706	440
8.555737305735043	460
8.725480407507	480
9.071581318927263	500
9.114449208296739	520
9.34826077310838	540
9.482896792473323	560
10.03034903172728	580
10.140692979600926	600
10.818844099396161	620
11.346813394067714	640
11.694324543132282	660
12.206795399429273	680
12.41159873752596	700
12.553344277754736	720
12.571212075348575	740
12.981782289655508	760
14.155655711943417	780
14.342859008577726	800
14.556686950843359	820
15.730051649684508	840
15.97268479841897	860
16.2457084676913	880
16.39297982247311	900
16.425248873934287	920
16.714714899805678	940
17.288737615072275	960
17.555876431232857	980
17.95832818311797	1000
18.041075645331286	1020
18.321808470868273	1040
18.736746360875845	1060
18.8079774025822	1080
19.277588623139533	1100
19.626171767700896	1120
20.841999524671202	1140
21.489614332723693	1160
21.596402915917995	1180
21.797155817767244	1200
22.216117219493476	1220
22.485932242259807	1240
23.284708458888996	1260
23.29860954265516	1280
25.0521995086302	1300
25.096582878804966	1320
25.175070742962212	1340
25.18025435450777	1360
25.237722363124167	1380
25.392461386343047	1400
25.412631552756963	1420
25.4866368366368	1440
25.5286808817461	1460
26.11157644320781	1480
26.3046973177254	1500
26.404371622053464	1520
26.429718759982617	1540
26.869876246265285	1560
26.9732021416422	1580
26.99320541220872	1600
27.107304561378015	1620
27.169671984586405	1640
27.887501950139768	1660
27.923293843700694	1680
28.385638637861188	1700
29.83238693635625	1720
30.727634066904045	1740
31.06222357542297	1760
31.79468233121766	1780
31.974325433582923	1800
32.312909641309744	1820
32.404581275734174	1840
33.082442132448925	1860
33.645174110909494	1880
34.16528845873079	1900
34.30923496232827	1920
35.65989970396711	1940
36.70363379848976	1960
37.92376434866184	1980
38.11915015223468	2000
38.17734301620648	2000
38.28163987716084	2000
38.31931821646006	2000
38.582717752719425	2000
38.825464003027726	2000
39.40365171528364	2000
39.90105456310753	2000
40.18097466830145	2000
40.460948949946065	2000
40.58780037804979	2000
40.64982559225514	2000
41.187592626282054	2000
41.311507258599185	2000
41.31232969908969	2000
42.28927812916159	2000
42.439352533586806	2000
42.69246738246408	2000
43.23394790658199	2000
43.249702789112575	2000
43.33210596566842	2000
45.041529600688946	2000
45.26851584144256	2000
45.4937924867463	2000
46.22239197381374	2000
46.26687010662878	2000
46.48946709713479	2000
46.825229465122874	2000
46.851712885174585	2000
46.93765425178633	2000
47.38818513806649	2000
47.5200192784803	2000
47.55494232003123	2000
48.26194045040835	2000
48.44636824676606	2000
48.914453060925844	2000
49.48404698355085	2000
50.20410327520276	2000
50.5221436034517	2000
50.596367323880656	2000
50.63935651195352	2000
50.73421763575671	2000
50.882418817514846	2000
50.90597793478566	2000
51.64653511191502	2000
51.9125949550181	2000
52.82793577397331	2000
52.91854926057911	2000
53.317470698900216	2000
53.59400258394278	2000
54.40163532159613	2000
54.544191855005224	2000
55.11135694187105	2000
55.19383648194069	2000
56.20293182320152	2000
56.278329626085586	2000
56.539308419275905	2000
56.89241925041517	2000
56.895268745083875	2000
57.01449427341228	2000
57.54962430142859	2000
57.872125402297506	2000
57.99561980094026	2000
58.174173281982256	2000
58.22414638548583	2000
59.204891452726585	2000
59.21115548153672	2000
59.52711034036329	2000
59.74701944513283	2000
60.41148662712358	0
61.004070136391306	20
61.241930801308854	40
61.60197906845116	60
62.42758378236153	80
62.7653605064467	100
63.043602786849334	120
63.064836993722714	140
63.1916017952725	160
63.20676459178758	180
64.16368455856119	200
64.2437290012191	220
64.68137427684967	240
64.82932812709545	260
64.92538782681511	280
65.1069587110817	300
65.132085012712	320
65.537271877614	340
65.9284635494786	360
65.94446958002248	380
66.76529819332737	400
66.92828786090531	420
67.32248247709965	440
67.63293473715211	460
67.70300541459298	480
68.87717735054967	500
69.81606546148659	520
69.99057472078475	540
70.05262715929656	560
70.3697393959452	580
70.63007821784902	600
70.86672616897272	620
71.18548999008009	640
71.38023166658873	660
72.26600966203158	680
72.70673629320831	700
72.78973112233466	720
73.09645755772308	740
74.57841473542527	760
74.58725712807278	780
75.44817834365772	800
75.6770124098881	820
75.94326492971263	840
76.13207082429116	860
76.21120429183748	880
76.22284750162505	900
76.6477764584348	920
76.76677104630036	940
77.26394904133076	960
77.88873967424833	980
78.28725645561256	1000
78.66696310984	1020
78.88796084692154	1040
78.89745541578004	1060
79.38596861043916	1080
80.13848805121675	1100
80.35512692216815	1120
80.6568516730852	1140
80.89927287517546	1160
80.93934264900362	1180
81.48747957569812	1200
82.56934561243087	1220
83.08569777700187	1240
83.28326771199406	1260
84.1973701795958	1280
84.5775011613521	1300
85.23580449759358	1320
85.76851647586119	1340
86.39632139223191	1360
88.29203725010647	1380
88.81955355100297	1400
88.89963812645753	1420
88.9120167692634	1440
89.3660329483833	1460
89.38014562679015	1480
89.48916184289243	1500
89.5546916194579	1520
89.69496184920607	1540
89.71155123851202	1560
89.97271010772799	1580
91.08307353556359	1600
91.87108427987602	1620
92.1990718950167	1640
92.29144001434719	1660
93.53339215623461	1680
93.84977369529908	1700
94.6031911341522	1720
94.72605278524	1740
95.46623738073065	1760
96.56688217121663	1780
97.33730061942398	1800
97.5337375929304	1820
97.86168528350098	1840
97.99797326665076	1860
98.34204059538881	1880
98.35110420591997	1900
98.79691004793348	1920
99.31626401373967	1940
99.49202922940047	1960
99.7565723622231	1980
99.8511051666688	2000
99.92446362652109	2000
100.14774221173876	2000
100.17116570315926	2000
100.74240407846355	2000
101.26984998826829	2000
102.04602139719957	2000
102.68747385725236	2000
103.5352029192086	2000
103.60707800153834	2000
103.61511462707277	2000
104.26208444091955	2000
104.331276429235	2000
104.44999804875873	2000
104.85455712332819	2000
105.23587812509359	2000
105.73982605560165	2000
106.12064074240938	2000
106.17395301022073	2000
106.44646003384108	2000
106.82376701264901	2000
106.98207460798987	2000
107.66913523875779	2000
108.00717870702614	2000
108.01470027409772	2000
108.05151414731102	2000
108.40835002413276	2000
109.2948068870441	2000
109.88758472564218	2000
110.18696152694247	2000
110.2166923701854	2000
110.23602883551077	2000
110.52524403210612	2000
111.06040014656412	2000
111.72356838906373	2000
113.06849065501933	2000
113.12388427752852	2000
113.46615418688815	2000
113.70447297298914	2000
114.18787409137047	2000
114.22244632153749	2000
114.44776405056294	2000
114.50266121782461	2000
114.81047227594428	2000
115.36824626638268	2000
115.5721984235806	2000
115.62496924655706	2000
115.87834773941682	2000
116.14560167805126	2000
116.68041889919951	2000
117.03642200313543	2000
117.333163853084	2000
117.78271697980247	2000
117.92597201123382	2000
118.12456621707564	2000
118.1891867607155	2000
118.2593215107845	2000
118.3048990237787	2000
118.47821561190918	2000
118.67227677000389	2000
119.31783352697947	2000
119.53700847946317	2000
119.65297579861681	2000
119.74377878049509	2000
119.81328512041776	2000
119.95347552133917	2000
120.07857591350852	0
120.21125204262769	20
120.83764613315499	40
121.11807409316496	60
121.46175650417851	80
122.3647081708284	100
122.6785626919354	120
123.63235922331643	140
124.03569481499608	160
124.27181235978662	180
124.37352251464928	200
124.41635687558862	220
124.70256345499172	240
124.71802706769732	260
125.46988010144189	280
125.63515313479857	300
125.63839696525646	320
125.64296248125495	340
125.73183753377137	360
125.82956470859942	380
126.00873893294595	400
126.55142539453313	420
126.61631248167804	440
126.83078564362846	460
127.11024081437075	480
127.18408447031464	500
127.37007836086062	520
127.5927150082907	540
127.65885842091173	560
127.75813425273265	580
128.4071904133463	600
128.64551344311673	620
128.96504864667563	640
129.90921049772157	660
129.931242533766	680
130.08857105401145	700
130.09224738802672	720
130.26907802350564	740
130.44250237348282	760
131.72339611374133	780
131.7848644122774	800
132.03962308580458	820
132.1834095552758	840
132.23787353304553	860
132.716533650339	880
132.88205782826947	900
132.90221058565777	920
132.90351405839473	940
133.11597998417483	960
133.5258362684046	980
133.64247288790457	1000
134.06965485334058	1020
134.80089045205256	1040
135.44192725783557	1060
135.49159368257725	1080
135.5226972928736	1100
135.58146949719597	1120
135.64615859533322	1140
135.76522709795077	1160
135.89050056370246	1180
135.97480868206634	1200
136.1441717878185	1220
136.3988103412945	1240
136.61234096433176	1260
137.08770785683072	1280
137.26536609580708	1300
137.3799887207405	1320
138.02493782100768	1340
138.95559528518115	1360
139.12167513226885	1380
139.13932786422944	1400
139.67063501419113	1420
139.84724785124894	1440
140.3001954861437	1460
140.48347752039896	1480
140.86119079007312	1500
140.89891960903506	1520
141.02538274138902	1540
141.84980864391645	1560
141.8725546028204	1580
142.0946438863797	1600
142.52463408445388	1620
142.6236871656576	1640
142.97030715510454	1660
143.195961198877	1680
144.25741267338137	1700
144.53230609681242	1720
144.805845728766	1740
145.0451556525125	1760
145.3780512690898	1780
145.90780623235503	1800
146.04570616986098	1820
146.1234861186407	1840
146.4407582211758	1860
146.51254513686536	1880
146.56559929311877	1900
146.74848574353695	1920
146.950809088957	1940
147.3826291566313	1960
147.50249261872196	1980
147.5357832554408	2000
147.53910383864314	2000
148.2565931014523	2000
148.34559097710815	2000
148.36463217101021	2000
148.38052723083814	2000
148.67891132035027	2000
149.92621080883313	2000
150.10858845323116	2000
150.17636298051198	2000
150.82953582966712	2000
150.88175194080466	2000
151.53635819528475	2000
151.82949302957442	2000
151.89967753450017	2000
152.15544645157047	2000
152.34850004293588	2000
152.6594822980554	2000
153.30491404655686	2000
153.32010432101575	2000
153.33995678212713	2000
153.47742450771702	2000
154.295799821601	2000
154.42215111513744	2000
154.75763919962287	2000
155.04182654322258	2000
155.78278410425648	2000
157.30050372754363	2000
157.71258057236858	2000
157.8241089935123	2000
158.00167084964744	2000
159.04278023660473	2000
159.7723825872537	2000
159.83955821514195	2000
159.96039961606087	2000
161.71926913462102	2000
161.83454491908307	2000
162.18863470829587	2000
162.70313544985999	2000
162.83466787383745	2000
162.96437780703758	2000
163.25513051901308	2000
163.33697168376986	2000
164.23657147841115	2000
164.45727019983255	2000
164.79084739567412	2000
164.97468252433495	2000
165.34758003793118	2000
165.64133398246676	2000
166.30659623364176	2000
166.847042084718	2000
167.0700600659519	2000
167.1974414305102	2000
167.57614676236602	2000
168.06745582517402	2000
168.13105886998133	2000
168.50538042100473	2000
168.59933546900464	2000
168.75522103431553	2000
168.85047632818404	2000
169.26587778280697	2000
169.64672100901808	2000
169.8020338799712	2000
170.279889220907	2000
170.91630164754423	2000
171.04923473442176	2000
171.08231844970913	2000
172.21636457941528	2000
172.40615055184563	2000
173.7070264321642	2000
173.90618827963982	2000
173.91542363919027	2000
173.99768993421927	2000
174.20712541948265	2000
174.23975679594338	2000
174.73889619718182	2000
174.99409498375135	2000
175.79656241852	2000
176.63609017286834	2000
176.75507350025308	2000
176.84542635618146	2000
177.4106374848464	2000
177.54548920724886	2000
177.5635070953397	2000
177.81590184381133	2000
177.8978226339408	2000
178.2014773388226	2000
178.81986094524086	2000
179.06134070237107	2000
179.21152698895006	2000
179.480032429977	2000
179.68082323942033	2000
180.54827094907887	0
180.56318027418368	20
180.8972728810611	40
181.1769496568447	60
181.2660418036496	80
181.3748034614367	100
181.58960780330816	120
181.75108962030137	140
181.82243050719404	160
182.1939874787534	180
182.28311316251913	200
182.63910264278172	220
182.94420788667816	240
183.65614216420232	260
183.66301455039815	280
183.93779917975846	300
184.07726720565734	320
184.12458523089333	340
184.16948535542147	360
185.19472751936732	380
185.286211631119	400
185.52677392533693	420
185.55131367385442	440
186.74022946446928	460
186.965766792147	480
187.11313150299648	500
187.32256548646225	520
187.99895694038239	540
188.49556823556625	560
188.56325549504064	580
188.83763595422886	600
188.86940434258338	620
188.92377626358586	640
189.33593506290342	660
189.74129871395064	680
189.81426537987508	700
190.06957738828942	720
190.81177032139368	740
191.03839544806897	760
191.1625832799852	780
191.41048849889498	800
191.65350097568287	820
192.27407016998256	840
193.21095800754185	860
193.69800096185057	880
195.55678487419095	900
195.72256899860886	920
196.80087179259624	940
196.82171327513285	960
197.16670428206567	980
197.6466841637157	1000
197.99902022441952	1020
198.11589357410023	1040
198.23082205975365	1060
198.54459854137403	1080
198.62610040214383	1100
198.77574539732592	1120
198.79464969727903	1140
198.88605707656046	1160
199.48647888575195	1180
199.7091719710495	1200
201.48034387899014	1220
201.5827262509372	1240
202.6922346952568	1260
203.21132933679604	1280
203.51488716659307	1300
203.83748104422824	1320
204.11882586802594	1340
204.18105764882063	1360
204.19239964289096	1380
204.45974868666087	1400
204.54129942087255	1420
204.65134072665202	1440
204.6853820397774	1460
205.33870755155917	1480
206.06012326904883	1500
206.20156293000431	1520
206.27356855250454	1540
206.33253639955075	1560
206.81165491983367	1580
206.90245502390798	1600
206.92028967287834	1620
207.5356679021365	1640
207.58818252039723	1660
207.75189185985477	1680
208.0472118008831	1700
208.29551952050295	1720
208.55047258317614	1740
208.59177346450946	1760
208.95485581581198	1780
209.22732069400286	1800
209.6624899092494	1820
209.78927237060648	1840
210.43045433025137	1860
210.4880347158402	1880
211.03939038139333	1900
211.52883846530233	1920
211.7937023217751	1940
212.4061832826901	1960
212.73591626555418	1980
212.85604360048805	2000
212.9481818141622	2000
212.98361336051195	2000
213.0103490965916	2000
213.1787882646675	2000
213.59096209403415	2000
213.75102586544918	2000
214.4719235430603	2000
214.482639038171	2000
214.6558842366052	2000
214.6864833909426	2000
214.79627087569446	2000
215.55594093181782	2000
215.61849958323845	2000
215.68978067038225	2000
216.4656328328294	2000
216.67778747273243	2000
217.21940228644408	2000
217.8974327835703	2000
218.20120521742413	2000
218.42117369535845	2000
218.46924830063207	2000
219.63820533759565	2000
219.67034957824717	2000
220.09857834461172	2000
220.11499414902224	2000
220.75124752944328	2000
221.9260968775311	2000
222.2118103744114	2000
222.376506008519	2000
222.59651890041306	2000
222.59959324194605	2000
222.65425045695454	2000
223.2004658893698	2000
223.63276089960536	2000
223.7458036253456	2000
224.21907786074118	2000
224.74964121625575	2000
224.79213206123276	2000
224.850889001654	2000
224.93887373817316	2000
225.249964124926	2000
225.50172767400082	2000
226.52835411417357	2000
226.74631020783528	2000
226.85630865411412	2000
227.1562507460546	2000
228.0350993733736	2000
228.19920298874928	2000
228.22109200526938	2000
228.82962439844528	2000
228.86470401052006	2000
229.04891820931527	2000
229.31983756455514	2000
229.6811065325773	2000
229.7872523619289	2000
230.23415360945492	2000
230.46991599430066	2000
230.5319468376662	2000
230.6001904298734	2000
230.7501636407677	2000
230.89937244549483	2000
230.98186945367803	2000
231.23025895532027	2000
232.63818447254317	2000
233.58861434147443	2000
233.63326586451421	2000
233.89266716437876	2000
233.99375942475214	2000
234.42636297841406	2000
234.57958966800652	2000
234.8722836672601	2000
235.28901759370493	2000
236.07249347829114	2000
236.29220404757947	2000
236.5646687982016	2000
236.86368506169507	2000
237.00963255794431	2000
237.50981849352888	2000
237.79617774535626	2000
238.23422775503798	2000
238.29616496137567	2000
239.20308434798295	2000
239.6123541459298	2000
239.81673606770582	2000
240.18415027954742	0
240.77794224237607	20
241.5105928967507	40
241.56421726831832	60
241.7978352945682	80
241.82796666775968	100
241.96980118500463	120
242.1183424221084	140
242.65954478153324	160
242.73942602213694	180
242.7627764104196	200
242.88349866751028	220
243.49684186751662	240
243.87129340276812	260
243.87879807090184	280
243.954227482613	300
244.14815222041517	320
244.23783129676897	340
244.9551450720115	360
245.07949179391701	380
245.5523825245163	400
245.60665663145522	420
246.29925210773044	440
246.45015732988924	460
247.48706079377806	480
247.66558292699636	500
247.78649137124611	520
248.51105174502516	540
249.37912356869768	560
249.85598118405304	580
250.01963348265718	600
250.28148413218233	620
250.33324822204796	640
250.7584286903323	660
250.7801562972642	680
250.929634555111	700
250.93762716377398	720
251.00868227820277	740
251.15323826182805	760
251.51769815688456	780
251.60195161267842	800
251.65844351385118	820
251.93107973346642	840
252.65338849479755	860
252.96434351837027	880
253.32453214831298	900
253.78363674472806	920
253.98635801822806	940
254.15918064602704	960
254.95619881680997	980
255.20680510171852	1000
257.779679975361	1020
258.3718632884446	1040
258.58953060765333	1060
259.1138620059624	1080
259.2661822267426	1100
259.5809035895028	1120
259.6113519110101	1140
259.779093346256	1160
260.3180059513871	1180
260.54735650558916	1200
260.8667867563054	1220
261.1320289165692	1240
261.3343834355196	1260
261.33890449036534	1280
261.3809495436149	1300
261.4700591392079	1320
261.87880709853385	1340
262.32336444043904	1360
262.54790747535384	1380
262.56216092055035	1400
262.6039778634083	1420
262.8995331525294	1440
263.1719891038845	1460
263.3616074038151	1480
263.65044798599365	1500
263.82111158135507	1520
264.8332498285659	1540
265.1570166592226	1560
265.18024527952593	1580
265.34716279996553	1600
265.3890184129426	1620
265.4626935699636	1640
265.54691833288916	1660
265.8120370767661	1680
266.72994118312744	1700
266.838664886885	1720
267.48823484027474	1740
268.47420013081023	1760
268.5638474008934	1780
268.90194879600216	1800
269.2207468101048	1820
269.31818599289363	1840
269.3733306587368	1860
269.4576823107164	1880
269.5170004832904	1900
269.7366467846059	1920
270.41591761892465	1940
270.64022807394196	1960
270.71785014026267	1980
270.7238434012065	2000
271.5434206809106	2000
271.7808578938201	2000
272.4810238154882	2000
272.6636687838548	2000
273.9481638310704	2000
274.17115820712695	2000
274.2177981341247	2000
274.67246228842833	2000
274.817315777594	2000
275.66612065721205	2000
276.023786572208	2000
276.21318941255	2000
276.3142674908001	2000
276.94762874244395	2000
277.07391103749694	2000
277.60454373150026	2000
277.7823079406467	2000
278.17058128087535	2000
278.26306327907844	2000
278.9728619962476	2000
279.816656706155	2000
279.9057513477706	2000
280.4750780098477	2000
280.5140258017208	2000
280.66924009113296	2000
280.8689375415712	2000
281.944374980498	2000
282.1994369749274	2000
283.0677474263627	2000
283.3267592405803	2000
283.5429623537703	2000
284.38488869388135	2000
284.8584623857834	2000
284.91847823305415	2000
285.83078939642144	2000
285.87956998525425	2000
285.9094883422156	2000
287.43133013993804	2000
287.76933502457047	2000
288.6893297992007	2000
288.8522411587944	2000
289.0322661952868	2000
289.08404420698844	2000
289.4507275011627	2000
289.493918446186	2000
289.51547695587743	2000
289.93264125184663	2000
290.1060114459199	2000
290.1654304518273	2000
290.19454629680195	2000
290.43807561417714	2000
290.55603587077576	2000
290.78749508324	2000
291.0779553297236	2000
291.2267084581298	2000
291.46362399049536	2000
292.028840288538	2000
292.90288191908826	2000
293.82323357600325	2000
293.94382349291305	2000
293.9596837961189	2000
294.5566895580315	2000
294.63771366707607	2000
294.8695802994549	2000
295.13992760115525	2000
295.5618825174736	2000
295.7231694462473	2000
295.73711622040287	2000
295.88056176235955	2000
296.49769840596855	2000
296.5477540233271	2000
296.68922474078397	2000
297.0972449510183	2000
297.9880613661877	2000
298.1579040942994	2000
298.34306325967896	2000
298.37879098035353	2000
298.8450566927272	2000
299.1943958088659	2000
299.3921246012015	2000
299.48161010829796	2000
299.9264753633585	2000
300.3053783045292	0
300.531918775162	20
300.60736012060096	40
300.6269810984139	60
300.78166380417497	80
301.0653673922218	100
301.07018444458447	120
301.2006138380286	140
301.4958684773665	160
301.69428819305836	180
301.7327117963946	200
302.0782278830721	220
302.5551837278882	240
302.9817372103931	260
304.2227652429774	280
304.45218725534494	300
304.46990058084054	320
304.5714731913194	340
305.325922200562	360
305.9125630632169	380
306.2552188680626	400
306.2882582879978	420
306.5594879673449	440
307.189647294959	460
307.36466031962095	480
307.93844323405943	500
308.04195340409393	520
308.1456860309389	540
308.15193232811527	560
308.3786364456145	580
308.5498385733518	600
308.5508179004445	620
308.6681224026803	640
309.7696809355627	660
309.85916683325473	680
310.06602587313586	700
310.3749877821696	720
310.51423637353173	740
310.55913671292257	760
311.2372294804845	780
311.590810469472	800
312.3576278778035	820
312.9150399805365	840
313.00545031217746	860
313.34707994224857	880
313.7810771234001	900
314.31887561073756	920
314.38774816986506	940
315.79853276782825	960
315.9686479867	980
317.40791222269235	1000
317.5691162638436	1020
318.0346685165908	1040
318.27380600396356	1060
318.8081658561033	1080
319.0856728967358	1100
319.5571632972074	1120
319.62086237556866	1140
320.4367061819205	1160
321.3334600363	1180
321.3783320284708	1200
321.52769771309914	1220
321.60843267241023	1240
324.38298633054467	1260
324.44405557830686	1280
324.9972971577589	1300
325.09699510642906	1320
325.44862207252464	1340
325.44995967184843	1360
325.4893159170497	1380
325.6609447002803	1400
326.2064961373021	1420
326.4033556930499	1440
326.89062559187863	1460
326.9648147335709	1480
327.2219314132233	1500
327.2414525822527	1520
327.2691646802361	1540
328.8325592867906	1560
328.9305420979427	1580
328.9495290684529	1600
329.0477709951783	1620
329.3065275083411	1640
329.67899540632095	1660
330.3183611053654	1680
330.51478625399574	1700
330.9397028046659	1720
331.181381230808	1740
331.31624647858706	1760
331.56492370442743	1780
331.65133219474126	1800
332.3396395403508	1820
332.3679476121106	1840
332.56239333655446	1860
333.2537232692221	1880
333.3009976285867	1900
333.37786978293735	1920
333.8570563873903	1940
334.4388142625649	1960
334.4498133572732	1980
334.8524628702721	2000
334.9608479891676	2000
335.32636603017556	2000
335.5084085599206	2000
335.70664399899357	2000
335.98082332581083	2000
336.31549800747916	2000
336.49353294822555	2000
336.6846338708642	2000
336.7051063017709	2000
337.5392803293102	2000
338.68730189408086	2000
338.7716657352733	2000
339.74082010990014	2000
339.93118635121886	2000
340.30511770942576	2000
340.56608009110795	2000
340.6718082428961	2000
341.0881279113538	2000
341.1652769417989	2000
341.2310474948344	2000
342.10787975089494	2000
343.23441821496436	2000
343.3777830105854	2000
343.3828807840647	2000
343.8370527813517	2000
344.3346374418778	2000
345.2689739195053	2000
345.4734510986392	2000
345.83692424366376	2000
346.18073004539167	2000
346.49863935909383	2000
346.56044005739506	2000
348.56209739651797	2000
348.62554829602317	2000
348.72012101655093	2000
349.1602385223178	2000
350.2853511914277	2000
350.3299720679183	2000
350.44587938537126	2000
351.23841568454594	2000
351.45844260338293	2000
352.02968308922476	2000
352.15546409755797	2000
352.17180894589484	2000
352.27829301922077	2000
352.4239946703434	2000
352.649648583818	2000
352.78119690296325	2000
352.90775823950935	2000
352.9780036053526	2000
353.6278931389992	2000
353.6741361844356	2000
353.73111776334133	2000
353.8496255501626	2000
353.93493603278597	2000
354.0315275630114	2000
354.51796339652384	2000
356.0148616327927	2000
356.0776438134357	2000
356.3024753649663	2000
356.5563812275509	2000
356.9878370664034	2000
357.10370092791294	2000
357.32095776164914	2000
357.3488195646763	2000
357.88901262325646	2000
359.80366305658947	2000
360.04308469419334	0
360.21486697408733	20
360.4871306379218	40
360.925898081809	60
361.0006079480242	80
361.05800580699	100
361.8715056772693	120
361.96913304123774	140
362.16753668393244	160
362.97309999502767	180
363.182618277361	200
363.2438465754716	220
363.96783221441075	240
365.19974154310654	260
365.447912174052	280
365.6895905130644	300
366.09531985187937	320
366.10146775396265	340
366.4988417631102	360
366.53544017654735	380
366.7256272397078	400
367.2777529714355	420
368.1174636355373	440
368.51985805954445	460
368.7798892492843	480
368.96075951550097	500
369.35681725381244	520
369.3988400156638	540
369.41256995023326	560
369.50362802528514	580
369.75983909514315	600
370.1678551618538	620
370.6251745012366	640
370.9027764851634	660
370.92948735394975	680
371.4787717870607	700
371.50261632062325	720
371.7981261900184	740
371.9133341673049	760
372.2227690770167	780
372.850544502842	800
372.8611705612752	820
373.1335283975369	840
373.29331935348125	860
373.30931565294173	880
373.59915759510073	900
374.0485897517753	920
374.245487315472	940
374.5363434010895	960
374.80094561295675	980
375.0595554391567	1000
375.12885482332547	1020
375.25359242917557	1040
375.3143920609248	1060
375.3346029815865	1080
375.49625804829435	1100
375.98597570095626	1120
375.99485359025255	1140
376.23090401063615	1160
377.9332666369144	1180
377.98279800652165	1200
378.21105056371647	1220
378.37652214794326	1240
378.3979586169353	1260
378.7844758437244	1280
378.7845900452124	1300
379.29326973933064	1320
379.42094304702334	1340
379.6356730310638	1360
379.7259271868298	1380
380.3821704071815	1400
381.5078966690403	1420
381.70416458550073	1440
381.71898754004593	1460
382.2139495482243	1480
382.51206871558287	1500
383.5184571151816	1520
383.7516274289583	1540
383.95269471383517	1560
384.1224631093596	1580
384.27849827696065	1600
384.4382170493166	1620
384.68368620149204	1640
384.68729730977543	1660
384.72596002547493	1680
385.0386073374646	1700
385.3914638817101	1720
386.07612189779695	1740
386.6965067945454	1760
386.7263111242015	1780
387.1406378180075	1800
387.2931881225492	1820
387.3882879032824	1840
387.46768841004206	1860
387.68368433553775	1880
387.72592037610593	1900
388.07339428516525	1920
388.2631984200289	1940
389.3281604963718	1960
390.07632066577656	1980
390.2966679687166	2000
390.4141177210766	2000
390.49929894566736	2000
390.91990117314873	2000
391.1477329481622	2000
391.73800590108385	2000
392.13485557872474	2000
392.35618741850755	2000
393.49492244251604	2000
393.8128325058086	2000
393.93796584316885	2000
394.43924104385184	2000
395.1148584152024	2000
395.21482883280555	2000
395.42838401977804	2000
395.9761147663063	2000
396.09597696116305	2000
396.45757121920104	2000
396.5662892045225	2000
396.80941764219375	2000
396.99380335552956	2000
397.0674629016134	2000
397.45385331223196	2000
397.58472677957224	2000
398.30794508959355	2000
398.8816942406095	2000
399.1608627907802	2000
399.39157887324814	2000
399.9206144094762	2000
399.9211224220948	2000
400.0210401705105	2000
400.75032570414925	2000
400.884824535428	2000
400.9457191148588	2000
400.9614786685224	2000
401.51130456400466	2000
401.54417434415234	2000
401.8802054104513	2000
401.9351241888001	2000
402.0874200418098	2000
402.82468661491464	2000
403.60059885024714	2000
403.7543071576784	2000
403.845126095323	2000
403.8913125580247	2000
403.89408437092266	2000
404.384947900452	2000
404.5228450764784	2000
405.18917582624135	2000
406.65558687437516	2000
406.9826118938795	2000
407.07143215210976	2000
407.1007380535135	2000
407.6641699749043	2000
407.7623598490844	2000
407.7817218883994	2000
407.9142403732377	2000
408.05612077140853	2000
409.08779436974527	2000
409.3372776878665	2000
409.83536328464936	2000
409.9031013421679	2000
410.2836274800321	2000
410.7087343405055	2000
410.8518423493188	2000
411.2599803276951	2000
411.3548857536556	2000
411.6471668068318	2000
412.06907958936216	2000
412.0998742148952	2000
412.4567589281496	2000
413.1749613756492	2000
413.4262789934636	2000
413.5908037595629	2000
413.72023311647484	2000
414.5698062657942	2000
414.75128562890296	2000
414.8361262875371	2000
414.89925069746823	2000
415.23825170221664	2000
416.36750174426624	2000
417.28232499170446	2000
418.1760378873019	2000
418.555315828509	2000
418.6362059455907	2000
418.6560180041373	2000
419.22850115521663	2000
419.4360395855201	2000
419.4907027824942	2000
419.8544974500853	2000
420.0189038544318	0
420.3282415767827	20
420.6005487985007	40
420.86675049607516	60
420.88625537917267	80
420.9944343276417	100
422.39955304979316	120
422.54046749661836	140
422.5946308722579	160
422.73599708918147	180
422.8019103952894	200
422.9735283262001	220
423.59648101022736	240
424.0054089055648	260
424.57874691494465	280
424.81688763475194	300
424.8962309280702	320
425.20948186836216	340
425.3605925846132	360
425.5269759245881	380
425.59727092618573	400
425.886070804783	420
426.10021764935385	440
426.4027546637137	460
426.53953737230876	480
426.70928141332615	500
427.0011489857357	520
427.33122722207895	540
427.5869002779759	560
427.74769560592125	580
427.77748909217604	600
427.8457114644354	620
427.989455795402	640
428.04735972714246	660
429.2508665447448	680
429.3286111124352	700
429.62851550191573	720
429.6828003776063	740
429.765176018896	760
429.8563340242888	780
430.8484261343026	800
430.89397055649704	820
431.28754592946433	840
431.36577725266847	860
431.4732075014234	880
432.09388937174026	900
432.4044486031698	920
432.99291483731565	940
433.13920362913956	960
433.16356164745434	980
433.4676178801683	1000
433.9134654520395	1020
433.982270147647	1040
434.17076288230686	1060
434.254476161358	1080
434.6385928361561	1100
434.7784683845914	1120
435.1343583168315	1140
435.64196398579566	1160
435.8237168227016	1180
435.8772661478317	1200
436.12928469314784	1220
436.1907807550146	1240
436.2069448551925	1260
436.4990250393574	1280
436.56703639353765	1300
437.93800915447326	1320
438.8284018839592	1340
439.002786791142	1360
439.13413011624107	1380
439.3565460240935	1400
440.13773836267734	1420
440.3194426720386	1440
440.7216712884277	1460
440.8003145105825	1480
440.9836105403554	1500
441.02421050904246	1520
441.3759012123579	1540
441.6622072942308	1560
442.0048778479614	1580
442.731066958087	1600
442.8448623839271	1620
442.9011748434228	1640
443.09662805956407	1660
443.40446713300025	1680
443.7191947518997	1700
443.75603124418296	1720
443.91756814564934	1740
444.2564791000567	1760
444.83779511217966	1780
444.9196520226254	1800
445.45710366726615	1820
445.62248179384625	1840
445.66970324413455	1860
445.8795157019836	1880
446.43980309613164	1900
446.49855760039674	1920
446.79563654443143	1940
446.8592016240749	1960
447.92709672307336	1980
448.064667062088	2000
448.2990662143907	2000
448.57389945253124	2000
448.75659751841937	2000
449.21302468529535	2000
449.64623583628514	2000
449.79064219734624	2000
450.324018194858	2000
450.35695706293444	2000
451.3213232943406	2000
451.5170227128352	2000
451.5311277435999	2000
451.755576718923	2000
451.8959305090279	2000
452.0574821009646	2000
452.1850172198384	2000
452.2323921569718	2000
452.3691706399686	2000
452.3791705001062	2000
452.6507959209524	2000
452.7042294976496	2000
452.9863031095079	2000
453.3012164273408	2000
453.64552801403255	2000
453.66142635146633	2000
454.39419148910815	2000
454.4515080479402	2000
454.8490760173908	2000
455.2370063025457	2000
455.32765768566566	2000
455.56751545430546	2000
455.5780539703516	2000
455.75528706751265	2000
455.91108938089207	2000
456.6530370169694	2000
457.03881518871896	2000
457.0417152226133	2000
457.2514034781192	2000
458.15082840073677	2000
458.2105554108002	2000
458.2231750408864	2000
458.2644444477419	2000
458.58639084824705	2000
458.6099017404158	2000
458.88535233254214	2000
459.32513400359295	2000
460.1368073526857	2000
460.4582472559997	2000
460.55874716839674	2000
460.5656960242262	2000
461.1454145159349	2000
461.19309819852975	2000
461.45654090833284	2000
461.61911452613225	2000
461.62111202483646	2000
461.8992425909445	2000
462.0321698949056	2000
462.6206310000504	2000
463.26440632117243	2000
463.79629294683355	2000
463.84652505338613	2000
464.843700070791	2000
464.9596752285876	2000
465.04535459812354	2000
465.1128029268023	2000
465.8932827746913	2000
466.0340820615809	2000
466.42044324963126	2000
466.72706770104577	2000
466.9129432196507	2000
467.24013652295577	2000
467.5926937169829	2000
467.6219554135363	2000
468.5345151041714	2000
469.18990562833017	2000
469.71280148583764	2000
469.934148592912	2000
470.05356529087834	2000
470.1292120573195	2000
470.13764160413933	2000
470.31161819153436	2000
470.3146224637103	2000
470.3474698707245	2000
470.6591685852625	2000
470.91533566841565	2000
471.2371577027131	2000
471.6748887125293	2000
471.79101383967827	2000
471.83304413605015	2000
471.8715307183235	2000
472.36994115900126	2000
473.3150756546725	2000
473.6619978731486	2000
473.9194038017814	2000
473.97895405723267	2000
474.2918449260693	2000
474.5955600220017	2000
474.9748414879076	2000
474.9815950471218	2000
476.08004050934346	2000
476.46273144455773	2000
478.06280605022454	2000
478.08639623965996	2000
479.16319469332524	2000
479.28609833195065	2000
479.3215431450362	2000
479.43324976417415	2000
479.5317812330117	2000
479.86905019391486	2000
480.15055019597935	0
481.1866896916567	20
481.42362117507616	40
481.43072198988847	60
481.5910134781843	80
481.636707813797	100
482.4253341676624	120
482.4913713623059	140
482.53034543727995	160
483.1628040799815	180
483.25582500004026	200
484.62643084797764	220
484.7075886866596	240
484.9739186138904	260
485.3501142037062	280
485.9904297272286	300
486.1148221297173	320
486.6622733020871	340
487.1431285036267	360
487.5407786298244	380
487.66449240711074	400
487.8711980419353	420
488.23851476111474	440
488.8360871887943	460
488.8510372961939	480
489.13905133363545	500
489.15009293927966	520
489.279796711799	540
489.7651811891512	560
489.96496105599846	580
490.02935907549386	600
490.1047982173381	620
490.2909447673574	640
490.3006499132612	660
490.5392200569098	680
490.84058793434224	700
491.40833647315293	720
491.4244093625401	740
491.8250907295291	760
492.9241526116628	780
492.94103064416885	800
494.7716827988155	820
496.26343015719056	840
496.6347734998932	860
496.8627873846692	880
497.2396926587772	900
497.4701092066656	920
497.5378428596556	940
497.5856361043953	960
497.7004507972572	980
498.2452455358617	1000
498.26185378878887	1020
498.28610167148963	1040
498.64849363056703	1060
498.9277334091804	1080
498.9416746741096	1100
499.3353951411614	1120
499.3513423759727	1140
499.4258867462533	1160
500.59254781598224	1180
