time(seconds)	aggragete Attack(Mbps)
0.19754351713450724	20
0.65310243982921	40
1.0226135596742147	60
1.1050206522834292	80
1.1493789921964899	100
1.2449123853622364	120
1.3159724416381473	140
1.41860322044334	160
1.5218578520094013	180
1.5316980106862872	200
1.5859067024924267	220
1.6267783670083273	240
1.637365668240485	260
1.7606254517970887	280
2.009059555744412	300
2.051553912108626	320
2.087495773632857	340
2.212958951414807	360
2.343176183838382	380
2.3873347722770384	400
2.579858548254412	420
2.701328286030505	440
3.008542308532891	460
3.315864247834534	480
3.4047505304117345	500
3.447987219646761	520
3.519436385659841	540
3.53715220532913	560
3.566226282716388	580
3.7051652301286917	600
3.8922097932744473	620
3.916235697387629	640
3.932721064292244	660
4.19218599561826	680
4.368293122092677	700
4.471439075239889	720
4.612193835118213	740
4.628948367737752	760
4.6612470528251	780
4.740656280160884	800
5.011586048120726	820
5.07998426792361	840
5.209470256791669	860
5.226959534179652	880
5.347211134078376	900
5.395152604049966	920
5.561957407035266	940
5.584751638963633	960
5.663711066224351	980
5.734089909347567	1000
5.851270485703564	1020
6.04899000863789	1040
6.112842613801051	1060
6.178917573099243	1080
6.193176402376711	1100
6.283145637404048	1120
6.332610210064094	1140
6.6700850452231855	1160
7.18217388353049	1180
7.364289076968094	1200
7.428389021404245	1220
7.544752630927143	1240
7.548909927699927	1260
7.7276309297866606	1280
7.7381943031863205	1300
7.9443341100885485	1320
8.069639940501332	1340
8.153250634492112	1360
8.31163120972879	1380
8.494255424096657	1400
8.51542767431265	1420
8.523561254984978	1440
8.657831500841768	1460
8.676621089263964	1480
8.836031143036607	1500
9.205282317215234	1520
9.291593601475082	1540
9.487003501097371	1560
9.565719226008776	1580
9.601871050446968	1600
9.690757430918387	1620
9.691860083108274	1640
9.787550710260247	1660
9.815301110453259	1680
10.089920280474542	1700
10.186545264581476	1720
10.198314263926834	1740
10.24138474388937	1760
10.63832418401427	1780
10.707193908950178	1800
10.863972233932596	1820
10.890224349968026	1840
10.968535733543094	1860
10.99723592553967	1880
11.00345047681713	1900
11.05899438759997	1920
11.064398065867968	1940
11.065912192261125	1960
11.265866937880677	1980
11.864801232778394	2000
11.918043590247303	2000
11.944687094865392	2000
12.026372729056643	2000
12.072039791626707	2000
12.217298863638048	2000
12.961715583868477	2000
12.964569267459998	2000
13.19297782256743	2000
13.219724947988873	2000
13.374816715225968	2000
13.391246951429888	2000
13.496158648363467	2000
13.55107043299928	2000
13.598624787213987	2000
13.608693498073762	2000
13.637013337157105	2000
13.772604958166298	2000
13.775539508004842	2000
13.915341651202098	2000
13.955419896769303	2000
14.048065422129664	2000
14.223712368789156	2000
14.380860940102714	2000
14.722569794010184	2000
14.764894556787967	2000
15.277448520373829	2000
15.471070731831697	2000
15.658977512220961	2000
16.051294118460543	2000
16.159549635083412	2000
16.195656290048582	2000
16.231608714792337	2000
16.33852650262879	2000
16.347180485547675	2000
16.433507033604233	2000
16.47884414873301	2000
16.537747796647515	2000
16.62091311849055	2000
16.687042349358002	2000
16.786272106594357	2000
17.120065160936083	2000
17.241268807826994	2000
17.399353625397797	2000
17.526721004001075	2000
17.69427381967174	2000
17.800101776009196	2000
18.03883597926107	2000
18.263035775726	2000
18.3230849401988	2000
18.42926970814808	2000
18.502051165286325	2000
18.786526749757755	2000
18.844817904907924	2000
18.915523097958978	2000
19.078044943324464	2000
19.2077660244131	2000
19.26882061414174	2000
19.41614646829137	2000
19.451425788818877	2000
19.567444668490023	2000
19.58466081417454	2000
19.665314933664156	2000
19.81101245595439	2000
20.215199622028248	2000
20.38303432357133	2000
20.417885402045048	2000
20.588223706085845	2000
20.67214456565322	2000
21.01146370081089	2000
21.217795593165558	2000
21.296014100904515	2000
21.33621503411118	2000
21.777599450681087	2000
21.796520608410454	2000
21.83375698272947	2000
21.995470355439153	2000
22.49516319873899	2000
22.525055219871895	2000
22.874729925227328	2000
23.012060565319036	2000
23.535827259087124	2000
23.55451604923533	2000
23.612595498645742	2000
23.68106410734147	2000
23.782525897830258	2000
23.863204482215778	2000
23.890581504484295	2000
23.893699430906793	2000
23.91939857632735	2000
23.9908584142649	2000
23.9917140765886	2000
24.100133362128023	2000
24.207686853080485	2000
24.230767529250716	2000
24.537072797254165	2000
24.706263700019395	2000
24.819654652111513	2000
24.938731715895955	2000
25.07360930055752	2000
25.16945405705402	2000
25.47243255015593	2000
25.56951729386221	2000
25.66560187457325	2000
25.730772404581685	2000
25.80937797191057	2000
25.929092513648282	2000
26.444460908694722	2000
26.45343035895556	2000
26.561016485285503	2000
26.574482299526267	2000
26.62521645551892	2000
26.66141001613445	2000
26.82051605793673	2000
26.827109631075956	2000
26.864565367590473	2000
26.957129597906494	2000
27.054692630708537	2000
27.05929006472452	2000
27.365012859068663	2000
27.425973802938667	2000
27.97817719543752	2000
28.1822865144102	2000
28.464392702126382	2000
28.473453296650927	2000
28.49747199785497	2000
28.724091224255837	2000
28.73418168643771	2000
28.852594662735623	2000
28.862953335745466	2000
29.26697944624673	2000
29.290798324345936	2000
29.309637550129985	2000
29.37090839645008	2000
29.378395959977187	2000
29.52227604310196	2000
29.543588664242403	2000
29.645487496309002	2000
30.141482490843806	2000
30.503087803814605	2000
30.743140302319663	2000
30.75805899546731	2000
30.77449010895905	2000
30.87503070070025	2000
30.93844966738468	2000
31.121389893318185	2000
31.451702593343086	2000
31.454976678466366	2000
31.53469325202789	2000
31.646196858830884	2000
31.738564634233	2000
31.763745881509728	2000
31.87436799732921	2000
32.45763390673075	2000
32.51756079852586	2000
32.608018847166036	2000
32.67114273909182	2000
32.77941757487103	2000
32.89025704157789	2000
33.014233594603326	2000
33.1117400804879	2000
33.14552812596681	2000
33.27725654941176	2000
33.33248298719551	2000
33.348313297535114	2000
33.51005495483664	2000
33.63779325090845	2000
33.80165026542927	2000
33.817695971900164	2000
33.943368451174045	2000
34.08962225000598	2000
34.16164050063331	2000
34.2188387593437	2000
34.34272929580767	2000
34.456466998066986	2000
34.482813291796106	2000
34.52045257531952	2000
34.61241596251945	2000
34.617978874973616	2000
34.61941455083339	2000
34.6413104507119	2000
34.83503911469509	2000
34.98823031857613	2000
35.02457571823977	2000
35.221547766156704	2000
35.26328697390209	2000
35.271777907911606	2000
35.33307496845151	2000
35.3377136301441	2000
35.338562104415324	2000
35.46672775295458	2000
35.548481758659015	2000
35.60278593020656	2000
35.684613181000735	2000
35.719244631397856	2000
35.83322268085625	2000
35.852014822661445	2000
36.20091281016388	2000
36.33723373266942	2000
36.46798842544602	2000
36.58805384768376	2000
36.65442788159396	2000
36.8178896494151	2000
36.91832883767154	2000
36.98717685096635	2000
37.04123961751181	2000
37.05600777736813	2000
37.18933564471693	2000
37.34269436962822	2000
37.60594031636333	2000
37.64579228845766	2000
37.65967240199071	2000
37.765988602682775	2000
38.03865993827417	2000
38.24395250008044	2000
38.46735794452458	2000
38.471690733858395	2000
38.56971347791494	2000
38.69371489500414	2000
38.705901977218	2000
38.742583475119844	2000
38.77733439695904	2000
39.41786399111257	2000
39.52071983453792	2000
39.540106940328144	2000
39.57270646896022	2000
39.68465724988603	2000
40.3521066605567	2000
40.375689934030575	2000
40.403704502445	2000
40.44059788667739	2000
40.64114410412264	2000
40.677021546156226	2000
40.68372788531521	2000
40.69208449195419	2000
40.75628542453161	2000
40.944929454961716	2000
40.96353297359943	2000
41.17312676340401	2000
41.339908456632884	2000
41.83959085936648	2000
41.885780709560464	2000
41.92238529777342	2000
41.94911693242664	2000
42.14656198581663	2000
42.2414943410626	2000
42.29503622395475	2000
42.31629317612891	2000
42.35395465660509	2000
42.57504973868191	2000
42.68720700844588	2000
42.69907072709481	2000
42.754473607264906	2000
42.8160052512144	2000
42.87062755090664	2000
43.038189495564005	2000
43.38102810971261	2000
43.448147903354354	2000
43.59989954194126	2000
43.633077341445336	2000
43.795211373427236	2000
43.820399785067195	2000
44.002633356421484	2000
44.14499846718353	2000
44.195855506595784	2000
44.20208144495338	2000
44.20965077180095	2000
44.348664747769135	2000
44.49328592434886	2000
44.49687780333337	2000
44.53012028806687	2000
44.59350790884349	2000
44.83410534278529	2000
44.91357106334573	2000
44.9458856763013	2000
45.02673689110686	2000
45.3209929222672	2000
45.368826872070336	2000
45.44254362549353	2000
45.53000766466523	2000
45.811612028348804	2000
45.85033367034818	2000
45.872684267942205	2000
46.18129204742296	2000
46.25217290563501	2000
46.4219830136368	2000
46.45704646801757	2000
46.67576717424464	2000
46.723582994741996	2000
46.7267227761501	2000
46.7714182823157	2000
47.1181311501226	2000
47.377526159857524	2000
47.414793305578264	2000
47.55336998080488	2000
47.78722632085271	2000
47.82077519295317	2000
48.182233477513584	2000
48.45932786843189	2000
48.70866662071955	2000
49.113985106331974	2000
49.404907913789565	2000
49.536686047195204	2000
49.630153306429406	2000
49.65595634679913	2000
49.82881846539899	2000
49.968833685884235	2000
50.015979983938536	2000
50.24348832492268	2000
50.32929617020286	2000
50.589185796398105	2000
50.61161593483715	2000
50.72755857826244	2000
50.82872613902162	2000
51.164016994785435	2000
51.26661756274892	2000
51.621666704483836	2000
51.690238705114865	2000
52.115823657861334	2000
52.18018458667837	2000
52.334455323545804	2000
52.645080259304756	2000
52.67564610116457	2000
53.05636528833754	2000
53.13377221793967	2000
53.15069973875717	2000
53.16622408545565	2000
53.21395314948891	2000
53.23090901013319	2000
53.290503639288765	2000
53.382900594325754	2000
53.54298475004323	2000
53.84946070107486	2000
53.88063697448059	2000
53.93371624316534	2000
54.01590195007636	2000
54.21225068917167	2000
54.45106334280102	2000
54.45815696944113	2000
54.54569300707865	2000
54.69259740465411	2000
55.00656776290841	2000
55.10779848791213	2000
55.2831127697043	2000
55.2955384021612	2000
55.38375017617531	2000
55.59424121288681	2000
55.88569583074988	2000
55.992394218794885	2000
56.04759523341529	2000
56.165228973440826	2000
56.16597094117136	2000
56.39713450954691	2000
56.521588177614646	2000
56.88807534124581	2000
57.35395533336211	2000
57.41536448578872	2000
57.696550508720506	2000
57.77737408534093	2000
57.80426812405638	2000
57.80800388734045	2000
58.02882010703258	2000
58.26379151264823	2000
58.35762516462247	2000
58.412104672154776	2000
58.495289728215184	2000
58.614196020247164	2000
59.042602685913735	2000
59.36199762100174	2000
59.54962352454926	2000
59.807278659738735	2000
59.94989463673893	2000
60.18854758657773	2000
60.21861623741774	2000
60.43714444558295	2000
60.80955424399596	2000
61.20329963171071	2000
61.30208594827645	2000
61.56701099936852	2000
61.73104032599535	2000
61.839833966928396	2000
62.1206489460801	2000
62.25123499082409	2000
62.373098400265775	2000
62.393954772583996	2000
62.431939153081444	2000
62.491139816506774	2000
62.653557161901425	2000
62.69162483592767	2000
62.990844500467766	2000
63.06291293079217	2000
63.147052536899544	2000
63.23261822138174	2000
63.25086061119661	2000
63.26551920030265	2000
63.28083732892096	2000
63.40360071918611	2000
63.68625281452313	2000
64.18804207336862	2000
64.36283475308988	2000
64.42765110582977	2000
64.80392181093808	2000
64.95100551297178	2000
65.112624841457	2000
65.16956784085876	2000
65.38362477492464	2000
65.48338831307736	2000
65.5804255298366	2000
65.94424060093931	2000
65.95916850590876	2000
66.00932621337445	2000
66.17255786328896	2000
66.30251614568144	2000
66.74132310647236	2000
66.98232573742719	2000
67.08858606965602	2000
67.27955270879357	2000
67.37895816177975	2000
67.47056576566176	2000
67.60600585848044	2000
67.75093026346786	2000
67.77217525337375	2000
67.8232290348971	2000
67.93544746705129	2000
68.01215160984813	2000
68.04210059442325	2000
68.05463825587897	2000
68.27797232631495	2000
68.32920720316932	2000
68.50750526664427	2000
68.6448957427822	2000
68.85632761632151	2000
69.11896124123106	2000
69.30383009011477	2000
69.41278281029065	2000
69.4577087592759	2000
69.63058820185145	2000
69.6330159084349	2000
69.82775106932148	2000
69.83782813820953	2000
69.94768568020838	2000
70.08392077667582	2000
70.45747655059449	2000
70.54562657411795	2000
70.5765739218279	2000
70.65562752765751	2000
70.66158980826225	2000
70.81731409777835	2000
70.85694923947203	2000
70.88578040920933	2000
71.01550727485052	2000
71.27664385749088	2000
71.41821806019273	2000
71.53827144665262	2000
71.58004675303536	2000
71.8816002133302	2000
72.35163580133366	2000
72.4640717398724	2000
72.52018765134007	2000
72.5629086203445	2000
72.65708717676962	2000
72.87981267891215	2000
73.61053325504477	2000
73.67005131154215	2000
73.81538833425118	2000
73.93370772966936	2000
73.9405534320098	2000
73.97934247768845	2000
74.16147188564527	2000
74.21132457369977	2000
74.3734686505943	2000
74.45500590474623	2000
74.57998233012874	2000
74.67831652879029	2000
75.2276649002925	2000
75.25416676743298	2000
75.36479446783225	2000
75.48658496923613	2000
75.55403105963842	2000
75.68250473096758	2000
75.74661203518609	2000
76.26434426217233	2000
76.34800506237389	2000
76.53821998217072	2000
76.59394564419996	2000
76.59438141247888	2000
76.65017725287301	2000
76.67200945408558	2000
76.73119888965815	2000
77.09271663036168	2000
77.20087162191086	2000
77.22314139418502	2000
77.24693317257183	2000
77.25900125098202	2000
77.7786560969305	2000
77.98178795957399	2000
78.01696501989845	2000
78.38366427052813	2000
78.38928857103622	2000
78.45018369289988	2000
78.47899785232498	2000
78.67688158403772	2000
78.71423841881526	2000
78.71610089527061	2000
78.95896956262133	2000
79.13112233444832	2000
79.25664746501414	2000
79.79121299305889	2000
80.00702655980506	2000
80.264585040106	2000
80.31560531838635	2000
80.32527698080824	2000
80.33085634508674	2000
81.1392371757779	2000
81.16259230968603	2000
81.16515573941373	2000
81.23475967702353	2000
81.4177659206873	2000
81.53357556726587	2000
81.59583968143946	2000
81.68270959831565	2000
81.76772510714106	2000
81.84252790913476	2000
81.93573026768476	2000
82.07058083110333	2000
82.14084386631563	2000
82.289872437402	2000
82.38680591691529	2000
82.54731266186408	2000
82.55010487197556	2000
82.75494133733822	2000
83.04704710824056	2000
83.05453684511006	2000
83.23085709027545	2000
83.66964378783634	2000
83.87212492538036	2000
83.92660274084331	2000
84.20193566305788	2000
84.21793366398572	2000
84.5648142832267	2000
84.67342821205405	2000
84.68571649633388	2000
84.69429801666595	2000
84.89473111205311	2000
84.99762166517829	2000
85.2957258974294	2000
85.66539491611908	2000
85.71358365220652	2000
86.03026197623345	2000
86.27659230264571	2000
86.40978255051824	2000
86.86009077049694	2000
87.06363610617191	2000
87.0954079900518	2000
87.44709776023663	2000
87.49484989820348	2000
87.49612517135728	2000
87.50478574857722	2000
87.74236355307838	2000
87.74674722036222	2000
87.80700151140199	2000
87.92209194875316	2000
88.09606007728023	2000
88.28815703891958	2000
88.54116814323947	2000
88.87840920991778	2000
88.88598904728373	2000
88.91958922930147	2000
88.94211155927235	2000
88.97955684755544	2000
89.24940228925225	2000
89.39344333139778	2000
89.42730350885432	2000
89.56788301614114	2000
89.64798392143757	2000
89.68424508961648	2000
89.9141410976122	2000
90.13665576544481	2000
90.21301480825464	2000
90.26350200030826	2000
90.35526249254141	2000
90.48492893374303	2000
90.5878856314838	2000
90.84038823550097	2000
90.95129906035324	2000
91.00442913604147	2000
91.19635017439384	2000
91.23488153213691	2000
91.29286851835836	2000
91.74087070897889	2000
91.82415475578658	2000
91.959648086572	2000
91.9965910177882	2000
92.01852385276199	2000
92.29826466691355	2000
92.3378072904301	2000
92.3789692213068	2000
92.38696492911193	2000
92.63482873806556	2000
92.79860958017383	2000
92.86025567295255	2000
92.9339360755195	2000
92.98993757849952	2000
93.0288751962559	2000
93.15975168649943	2000
93.2089484383233	2000
93.2361142658793	2000
93.31542341050599	2000
93.4694962132391	2000
93.49331579536508	2000
93.49408592070465	2000
93.56040295378841	2000
93.7575350889338	2000
93.7831549101777	2000
93.82277326168226	2000
93.86973755936862	2000
93.9196532940939	2000
93.99177037756652	2000
94.21076479805595	2000
94.21999757599121	2000
94.26062123918807	2000
94.29335127834368	2000
94.29543119768763	2000
94.39432129177074	2000
94.3948677133294	2000
94.4407259087478	2000
94.59898951509871	2000
95.02460499233723	2000
95.07464719447148	2000
95.11367007728002	2000
95.26391183268349	2000
95.54439411146654	2000
95.65647971358572	2000
95.7578560120476	2000
95.75889859725933	2000
95.76527355725995	2000
95.96386102839541	2000
95.96482505872773	2000
96.12291134645456	2000
96.21455601959637	2000
96.60337255775185	2000
96.67126900475803	2000
96.9544603256936	2000
97.05457517358401	2000
97.0808775244298	2000
97.34033663044242	2000
97.36555044313339	2000
97.39018678299622	2000
97.41947632006745	2000
97.53060443459394	2000
97.64758886120296	2000
97.70340644329075	2000
97.72818320865139	2000
97.76159610559938	2000
97.76581991358796	2000
97.80492312163379	2000
98.00522384743932	2000
98.10899940109947	2000
98.1318101568077	2000
98.28698715283907	2000
98.31116676619088	2000
98.37407624143736	2000
98.3876469263291	2000
98.41826732358547	2000
98.58592747331738	2000
98.87939087898577	2000
98.97860303941674	2000
99.16110986508693	2000
99.192428454154	2000
99.38536842510425	2000
99.4343828558423	2000
99.99224741564473	2000
100.03004488510388	2000
100.0542417889575	2000
100.1464226207889	2000
100.23414900997062	2000
100.30322404955486	2000
100.30971302581233	2000
100.36943850644407	2000
100.38790703620147	2000
100.57954371538571	2000
100.73549929862008	2000
100.75307270800819	2000
100.78267752886002	2000
100.78360806168341	2000
100.82135864253712	2000
100.98617485160743	2000
101.17370985901805	2000
101.17759743828957	2000
101.21457137981466	2000
101.24931110997574	2000
101.32653481540032	2000
101.37912104218856	2000
101.40694927421805	2000
101.47877516025211	2000
101.48709845549021	2000
101.53567471224672	2000
101.62355660084259	2000
101.69080153061425	2000
101.6996993215488	2000
101.84141134038414	2000
101.91036070551515	2000
102.19615346887353	2000
102.2810790924967	2000
102.3330680218016	2000
102.58343530359582	2000
102.68922236475859	2000
102.77821984556985	2000
103.02095511859449	2000
103.24037611336206	2000
103.25554747160947	2000
103.52158441195596	2000
103.58662850274152	2000
103.60157603014085	2000
103.81779361457188	2000
103.95478690502014	2000
104.20156339306251	2000
104.28961575445454	2000
104.51708591397882	2000
104.54156970644439	2000
104.70718123778231	2000
104.76685997459735	2000
104.89797604124475	2000
104.96938742564146	2000
105.0578563106254	2000
105.06043388717049	2000
105.28774035757051	2000
105.4369621987806	2000
105.46468266285318	2000
105.52241888578108	2000
105.65221111932203	2000
105.70909833014116	2000
105.80620323822923	2000
105.82890818430647	2000
105.88407755542964	2000
105.89623442077756	2000
105.96542565638245	2000
105.97096940318576	2000
106.25230054776057	2000
106.33368574556911	2000
106.67526095023896	2000
106.81369260207529	2000
107.050793284328	2000
107.06841370705104	2000
107.53569190493036	2000
107.5432535041302	2000
107.65270087959283	2000
107.78474943351446	2000
107.92945084018832	2000
107.98205195677865	2000
108.01253153515853	2000
108.48350757518851	2000
108.82424263014035	2000
108.9125891421118	2000
108.937812079793	2000
109.31486971262774	2000
109.41344161144711	2000
110.1289669847129	2000
110.17054350613884	2000
110.25720124246249	2000
110.37500022003454	2000
110.40839201481883	2000
110.44197174047572	2000
110.75613358888275	2000
110.7938777322428	2000
110.8116128202998	2000
110.82703673277086	2000
110.86858380320987	2000
111.10155938030063	2000
111.20359604306779	2000
111.42131018551518	2000
111.46406855833546	2000
111.96048283075176	2000
112.03300241206883	2000
112.14329630010629	2000
112.19936679906644	2000
112.22443240265758	2000
112.30773687845786	2000
112.48953786188126	2000
112.50508467249219	2000
112.76513720104155	2000
112.82210925828527	2000
112.82399175750662	2000
113.11023055840155	2000
113.17643098583291	2000
113.38441780416045	2000
113.40893161380397	2000
113.6059447099532	2000
113.84772005364032	2000
114.07565486535378	2000
114.10241648440012	2000
114.13709144826313	2000
114.17197007046578	2000
114.30440079946	2000
114.65046935292834	2000
114.717154063645	2000
114.93297681012602	2000
114.98420147804839	2000
115.15189291975193	2000
115.20943848875996	2000
115.54893780765855	2000
115.69997280737027	2000
115.82634363526589	2000
115.99046752279229	2000
115.9920416674886	2000
116.23821838534798	2000
116.24332882707265	2000
116.40048210064333	2000
116.60544375005519	2000
116.68286989758778	2000
116.77555506363576	2000
116.83853518071045	2000
117.02454847415348	2000
117.23358099646588	2000
117.43264892106535	2000
117.44046868147998	2000
117.59818269840274	2000
117.96289238848404	2000
117.98054465710636	2000
118.16363730317721	2000
118.18190936147896	2000
118.47471382691856	2000
118.50804973068905	2000
118.6246455613756	2000
118.9685900797957	2000
119.09571772812264	2000
119.14079066084378	2000
119.15654354915819	2000
119.20299220893268	2000
119.27126303964431	2000
119.42154677514873	2000
119.44062070279456	2000
119.66024670038169	2000
119.67056338699274	2000
119.94277464174404	2000
120.12067963095939	0
120.32385237404878	20
120.33121998674129	40
120.37983840239049	60
120.49156569537074	80
120.56012740790916	100
120.63510927851331	120
120.68130827649337	140
120.79936261899917	160
120.84362001202743	180
120.9181962398914	200
121.22600440041334	220
121.23608004417383	240
121.36346383836955	260
121.38601072214172	280
121.38809744003643	300
121.45085837114611	320
122.01922672690374	340
122.05089492434294	360
122.08286799998254	380
122.15446086205777	400
122.41598099851834	420
122.52639308577716	440
122.57413694217512	460
122.62380658481574	480
122.68330913085408	500
122.7928623161842	520
122.9038991572005	540
123.01087585011489	560
123.02360390336683	580
123.21292603595315	600
123.34821731620305	620
123.37522393463217	640
123.44545082519905	660
123.46663442396074	680
123.69785604286533	700
124.20759562117044	720
124.32753353637696	740
124.45747477789168	760
124.59226881229372	780
124.63859392615393	800
124.67326198206993	820
124.72654845829057	840
124.79237433743872	860
124.83551707448491	880
124.93098305607317	900
125.0749611437251	920
125.26027103814688	940
125.48201878529613	960
125.4862521199349	980
125.67725171857093	1000
125.75100081332606	1020
125.7573328370713	1040
125.88454247787308	1060
126.1008601724702	1080
126.16596285778108	1100
126.18923670727224	1120
126.22322428440776	1140
126.28379958378824	1160
126.35541012717592	1180
126.73682349402786	1200
126.77280047462501	1220
126.98700754233863	1240
127.52279682857261	1260
127.69134193211787	1280
127.78179815824802	1300
127.81383338543488	1320
127.83177089346252	1340
127.87022062301762	1360
127.90359468303953	1380
127.9340117522243	1400
127.96723712284111	1420
128.08465213656396	1440
128.31492504582025	1460
128.4905089433602	1480
128.6972667386814	1500
128.82865599099972	1520
128.9977223768903	1540
129.3368171405344	1560
129.4875956106333	1580
129.77347161916927	1600
129.78252993534412	1620
129.93423459997464	1640
130.06991802229697	1660
130.23989896963917	1680
130.42607545405156	1700
130.47199474334028	1720
130.53048247081136	1740
130.59156659553233	1760
130.66021772082976	1780
130.7770276944766	1800
131.03559364005955	1820
131.05372533439072	1840
131.22378441718516	1860
131.39041160775017	1880
131.40356557070086	1900
131.41060571377318	1920
131.60602365345852	1940
131.6173469787408	1960
131.6635982138604	1980
131.75142426905276	2000
131.87920146394214	2000
132.11316788060554	2000
132.31442144247586	2000
132.3734112707944	2000
132.42928818280538	2000
132.45308180981806	2000
132.46276290868155	2000
132.69311842021696	2000
132.8080569814741	2000
132.97755061182193	2000
133.16131204593543	2000
133.24064635001042	2000
133.2509881921402	2000
133.29889020271128	2000
133.39504807982811	2000
133.442170785303	2000
133.74171094557545	2000
133.78861974147853	2000
133.83621512276136	2000
133.8541346673523	2000
133.94100135492658	2000
134.0988709886141	2000
134.14596013781937	2000
134.32486703511853	2000
134.37004364000597	2000
134.53824726793675	2000
134.60213511691336	2000
134.60912822475106	2000
134.70480655344522	2000
134.7565733037822	2000
134.8111309234813	2000
134.92508712805744	2000
134.94742149528966	2000
135.75802666011305	2000
135.9311551688365	2000
136.08294908547	2000
136.246004374491	2000
136.39751317488282	2000
136.47661541467286	2000
136.49227570373384	2000
136.71019552600453	2000
136.91044193407	2000
136.98432230340535	2000
137.06352239160816	2000
137.33279466792027	2000
137.46928416971747	2000
137.51417649873457	2000
137.52916987070066	2000
137.59360922824712	2000
137.75312295765323	2000
137.80563021260136	2000
137.94792797470944	2000
138.0247489657594	2000
138.420380336201	2000
138.46144786955625	2000
138.54603029320063	2000
138.99594527474122	2000
139.1262764223651	2000
139.18793218417827	2000
139.21752742039868	2000
139.22340299359323	2000
139.24497963788198	2000
139.3054454627124	2000
139.3207392701467	2000
139.33592794730572	2000
139.65374905276576	2000
139.71451208543522	2000
140.07338022941795	2000
140.08059330214112	2000
140.46112954003453	2000
140.67880279949827	2000
141.0064330257269	2000
141.07820833864596	2000
141.22969456097803	2000
141.26338686958835	2000
141.4131019743049	2000
141.58316645825082	2000
141.69942868340527	2000
141.87819621045045	2000
142.0156486827549	2000
142.09905980213767	2000
142.16499100498174	2000
142.32219881201243	2000
142.4483607008266	2000
142.6538199487929	2000
142.66843482325905	2000
142.6699335746959	2000
142.7749977045557	2000
142.80287094477978	2000
142.8401068809475	2000
142.85748377379355	2000
143.03484040879613	2000
143.2044589369124	2000
143.22154211867863	2000
143.28605895621277	2000
143.35695908934713	2000
143.45659105418505	2000
143.51497688270433	2000
143.5268624091232	2000
143.53293435282902	2000
143.6044757692856	2000
143.6375867406221	2000
143.67259197519903	2000
143.72227735523336	2000
143.82952882184813	2000
143.85983630243365	2000
144.0977438904818	2000
144.12663096182317	2000
144.1291924077063	2000
144.13221534560063	2000
144.19987554158047	2000
144.20105463745415	2000
144.32095071838737	2000
144.39224764891796	2000
144.41326188270585	2000
144.50172032821655	2000
144.58435035814313	2000
144.66565585221898	2000
144.7123432361178	2000
144.7243491779865	2000
144.79226792988916	2000
144.90173653097065	2000
145.26234053830888	2000
145.4284818938668	2000
145.88424333125653	2000
146.06944919222215	2000
146.1202339823719	2000
146.12248061180014	2000
146.47040226006342	2000
146.66454097595013	2000
146.6769113490502	2000
146.73155559071378	2000
146.73671838581288	2000
146.79935126208966	2000
146.9460943524306	2000
147.00604623468874	2000
147.0153955603841	2000
147.3712591487293	2000
147.41077262211857	2000
147.46278384504802	2000
147.47054346076766	2000
147.474835163533	2000
147.48499823728355	2000
147.67631043742563	2000
147.84796409103942	2000
148.00457970731335	2000
148.01488525274598	2000
148.1080618361001	2000
148.14247257245293	2000
148.22424661508612	2000
148.46057629095768	2000
148.46071763175826	2000
148.59503917866752	2000
148.6137551760902	2000
149.08873266460634	2000
149.13011775478276	2000
149.5399447564674	2000
149.6347492124792	2000
149.70155175916847	2000
149.84795884912413	2000
149.99855262244836	2000
149.99923506125043	2000
150.26376808372564	2000
150.34129920807385	2000
150.683153777637	2000
150.74350554741312	2000
150.86234326044766	2000
151.03564785018466	2000
151.0988500007998	2000
151.17145369528447	2000
151.20163226201487	2000
151.2684365566674	2000
151.31646087949744	2000
151.36399549524685	2000
151.53358978547809	2000
151.6294257290547	2000
151.8278445066797	2000
151.8392078368121	2000
152.08048023573508	2000
152.1636099562319	2000
152.3411813845136	2000
152.34301077476894	2000
152.53369569459926	2000
152.59447946141435	2000
152.7182904972818	2000
152.72890930284692	2000
153.0691590350269	2000
153.09489957909483	2000
153.2283283261051	2000
153.2393086426647	2000
153.44050814462977	2000
153.71355860155597	2000
153.77478809273842	2000
153.82371141012737	2000
153.9309844449496	2000
153.99135161239116	2000
154.2337809186656	2000
154.28221950644652	2000
154.39942107548845	2000
154.57720788219058	2000
155.0501285705414	2000
155.51839202507614	2000
155.56796541530213	2000
155.91652261612506	2000
155.97553012077657	2000
156.06778976630787	2000
156.46011942939722	2000
156.66608861966972	2000
157.2624107484471	2000
157.2846380062013	2000
157.29219022891374	2000
157.49361761393524	2000
157.5995895351746	2000
157.7272427816509	2000
157.8033272858619	2000
158.0475681826467	2000
158.3074815003493	2000
158.35918876074786	2000
158.61926533697917	2000
158.74290811708892	2000
158.77546880704725	2000
158.79672039795383	2000
158.80745983379032	2000
159.081660002134	2000
159.20457539003306	2000
159.21170173566003	2000
159.39290822322755	2000
159.40070003333582	2000
159.59040682411236	2000
159.76894549322202	2000
159.77308992915604	2000
159.78884172405685	2000
159.8787903805017	2000
159.99361762520735	2000
160.0222707313885	2000
160.09808283458332	2000
160.2165406653638	2000
160.45227282132475	2000
160.45235531992307	2000
160.87965894524183	2000
160.9397050040686	2000
161.28668371213192	2000
161.5952991932889	2000
161.82315672700952	2000
161.85366332958134	2000
161.87352941648297	2000
162.0929321248676	2000
162.10863161658665	2000
162.3056210222129	2000
162.3270970184505	2000
162.49918032244585	2000
162.5290850657409	2000
162.75081819189322	2000
162.93847532638728	2000
163.42968935428343	2000
163.66199946464798	2000
163.8627456649479	2000
164.05518804561538	2000
164.09543637314027	2000
164.1245186628362	2000
164.314377218111	2000
164.64251849671007	2000
164.8454646532794	2000
164.9329206581511	2000
165.02210571170923	2000
165.07468630205634	2000
165.2034277729757	2000
165.24359789463682	2000
165.26722649416638	2000
165.34365219340717	2000
165.40096975233837	2000
165.4738741946818	2000
165.52261840547203	2000
165.69514518445476	2000
165.90926139474618	2000
165.95948043687417	2000
166.29029937194755	2000
166.37987857734112	2000
166.413211401149	2000
166.63775866504676	2000
166.63795306023263	2000
166.69972025402578	2000
166.8159701102329	2000
166.9215208048678	2000
166.9383775784208	2000
166.99844159153952	2000
167.11326209320288	2000
167.1770426502514	2000
167.43045623292699	2000
167.49503368801967	2000
167.6186904617077	2000
168.29357591997743	2000
168.4949366092793	2000
168.51335197224824	2000
168.5734051569263	2000
168.59841198407	2000
168.71833730661086	2000
168.73892664534335	2000
169.04497962515208	2000
169.04955163345372	2000
169.14945244859499	2000
170.05527147297386	2000
170.41693390520098	2000
170.42594379750435	2000
170.4578112640378	2000
170.47845393475367	2000
170.75380289846697	2000
170.82043776536062	2000
170.95533993718715	2000
171.23924794552465	2000
171.3631000374263	2000
171.39046238067488	2000
171.39800811479165	2000
171.51712111509718	2000
171.56939470598087	2000
171.726031681272	2000
171.8443791661569	2000
171.87081044745725	2000
171.899487849479	2000
171.9023510364104	2000
172.0929657037865	2000
172.1792836309043	2000
172.1802283466059	2000
172.40828517772826	2000
172.5294574992981	2000
172.57122326345788	2000
172.6326060179843	2000
172.79744752157404	2000
172.89720957834308	2000
173.25303396264275	2000
173.3286740871387	2000
173.7428660550006	2000
173.74675767959593	2000
174.00297514155474	2000
174.129260001814	2000
174.1365371967917	2000
174.1982051749951	2000
174.2996615468732	2000
174.50564357531428	2000
174.88244027824916	2000
175.0670701074665	2000
175.18505948650616	2000
175.2347582346308	2000
175.24375938909725	2000
175.25853266237496	2000
175.3315766574386	2000
175.46604822559553	2000
175.4917088016998	2000
175.55354578221716	2000
175.55623588962482	2000
175.55694546126313	2000
175.6377631374267	2000
175.8133092835469	2000
176.00391505324168	2000
176.10421061759433	2000
176.2063506211455	2000
176.3474666306602	2000
176.48690092928604	2000
176.52130603014731	2000
176.58413744574517	2000
176.6872042659246	2000
176.7735125714042	2000
177.0030254538224	2000
177.21699722245015	2000
177.23138848051724	2000
177.23941586209807	2000
177.26242108310015	2000
177.4725368792733	2000
177.5844007713451	2000
177.58904667859824	2000
177.74539845058766	2000
177.90574243286846	2000
178.03738849124778	2000
178.08809146700662	2000
178.1283669382917	2000
178.17799434518275	2000
178.18741259652253	2000
178.36031335398738	2000
178.8329054954661	2000
178.9104102639941	2000
178.93727661521598	2000
179.12747223633605	2000
179.18536941292814	2000
179.2042262412689	2000
179.55308877775255	2000
179.5904965141826	2000
179.95274177324217	2000
180.05294561712756	2000
180.169062471453	2000
180.20821892838077	2000
180.2463396541856	2000
180.31843667984404	2000
180.5828411290178	2000
180.59744059383618	2000
180.8882593465266	2000
181.07884516969642	2000
181.10730525853566	2000
181.1269196993634	2000
181.13383968085995	2000
181.33524047227374	2000
181.34388551722674	2000
181.3482167569582	2000
181.4612987155734	2000
181.57205465021488	2000
181.59519614621925	2000
181.79339669785043	2000
181.8366521524635	2000
182.00359509253548	2000
182.06828340255345	2000
182.07572479118144	2000
182.0822224509481	2000
182.17450307118926	2000
182.24229171048418	2000
182.336326560472	2000
182.44526753221555	2000
182.60463447061622	2000
182.64726444441627	2000
182.66515988060337	2000
182.8071221339515	2000
183.161066306699	2000
183.18852372492728	2000
183.2793350338263	2000
183.4625279988191	2000
183.60720794055868	2000
183.80805454677758	2000
184.00634784560688	2000
184.03294736340038	2000
184.0407286740328	2000
184.34847123462617	2000
184.4778441233771	2000
184.56954084504994	2000
184.8434812617207	2000
184.9034791707886	2000
185.12658206738467	2000
185.15107268533916	2000
185.2135718478915	2000
185.4470108170511	2000
185.63919302509854	2000
185.70757378515012	2000
185.724239409457	2000
185.97334948027233	2000
186.13488106602858	2000
186.54661391743858	2000
186.70159091986744	2000
186.82411970979996	2000
186.83743856004807	2000
186.88491271104607	2000
187.10259593204765	2000
187.24296868887606	2000
187.53766387033804	2000
187.95853646253838	2000
188.09680069642243	2000
188.3163615316432	2000
188.3413839318803	2000
188.44016662638083	2000
188.5142827630355	2000
188.53380165407037	2000
188.73332830785503	2000
189.02576338791107	2000
189.05913652893182	2000
189.13156306626377	2000
189.16023678226435	2000
189.19544586434768	2000
189.39111785090336	2000
189.41002519115952	2000
189.56172758635762	2000
189.59207950140114	2000
189.73270551467596	2000
189.809275976837	2000
189.88030108363697	2000
189.96526140235912	2000
189.97087079944936	2000
190.0152571139273	2000
190.05519121320472	2000
190.27432799747518	2000
190.34784167313356	2000
190.49246891278867	2000
190.5833826637221	2000
190.9012549064274	2000
190.99115398566607	2000
191.05378871031283	2000
191.35231740613133	2000
191.48344289720117	2000
191.48389262565368	2000
191.52020217889097	2000
191.82523024957032	2000
191.96168665148357	2000
191.97702638657933	2000
192.06650695139535	2000
192.0885988562979	2000
192.10305804779105	2000
192.35022067901198	2000
192.4146830824877	2000
192.502786674056	2000
192.63452037832	2000
192.64463618480033	2000
192.66657888780838	2000
192.74929188809335	2000
192.76959050963612	2000
193.0623673900309	2000
193.09981862167567	2000
193.10028940565886	2000
193.23216315740333	2000
193.3378585101042	2000
193.46843797975708	2000
193.53913087849406	2000
193.55590304772497	2000
193.59790359853176	2000
193.64469707779566	2000
193.69256061818237	2000
193.7736401779946	2000
193.82969906221865	2000
194.14303108866494	2000
194.1696241425558	2000
194.17761855964648	2000
194.24635121834007	2000
194.56452679784903	2000
194.80852376567967	2000
194.9895391543248	2000
195.00453466700174	2000
195.02118370843166	2000
195.03382864048112	2000
195.0853673191053	2000
195.19553479039104	2000
195.4112334235401	2000
195.46771558659563	2000
195.65206713244334	2000
195.67895417666844	2000
195.71539866152284	2000
195.78881161876097	2000
195.99808319623003	2000
196.21446255129098	2000
196.4353234399493	2000
196.4573481152442	2000
196.47971143101313	2000
196.49594089927004	2000
196.53926315708202	2000
197.2376636969874	2000
197.40700094723923	2000
197.41488031296487	2000
197.5269313653813	2000
197.54447260456502	2000
197.66355944039964	2000
197.72671874437765	2000
197.84152422623026	2000
197.86239386992094	2000
198.14789067396575	2000
198.196995276224	2000
198.27773511641888	2000
198.56817806420767	2000
198.60559797966317	2000
198.60984090326113	2000
198.80597651978957	2000
199.05321715751504	2000
199.0595798690245	2000
199.1508420489596	2000
199.26511461064518	2000
199.57920799823623	2000
199.63679527954554	2000
199.66530843717018	2000
199.76640636859045	2000
199.9835775748017	2000
200.0698284856528	2000
200.1354596636151	2000
200.40385136950812	2000
200.41606155593783	2000
200.52532230358108	2000
200.66948682164087	2000
200.71893092690996	2000
200.85583538110816	2000
201.00464416557094	2000
201.11882755732438	2000
201.1737091387809	2000
201.34840371274942	2000
201.38575513150502	2000
201.43362466272453	2000
201.49910339715353	2000
201.5714721338295	2000
201.8544696923613	2000
202.09502593798337	2000
202.39276537892997	2000
202.41416717823543	2000
202.46146383504433	2000
202.46337568072545	2000
202.51429780957358	2000
202.6652242460101	2000
202.68809502626587	2000
202.72376282528398	2000
202.75946718516022	2000
202.823888862613	2000
202.94564909687833	2000
202.954017559191	2000
202.96636859393794	2000
203.17138792362542	2000
203.40216550309705	2000
203.40248424105505	2000
203.45881339412495	2000
203.4642026895563	2000
203.49691193189358	2000
203.50348069333495	2000
203.66193415738994	2000
203.80694645039063	2000
203.94835978244416	2000
203.9706297346232	2000
204.05026442375623	2000
204.1464941569733	2000
204.32670878654622	2000
204.33352880449343	2000
204.4235513472795	2000
204.50156560664544	2000
204.6809484251539	2000
204.81538815311558	2000
204.823339339039	2000
204.9330118290476	2000
205.0183819827079	2000
205.10314868713107	2000
205.35958622598758	2000
205.38335012736212	2000
205.62515141194976	2000
205.66820942779006	2000
205.68307735691747	2000
205.70097554525034	2000
205.71046649472927	2000
206.0993520688228	2000
206.1925406864849	2000
206.2453284739435	2000
206.59335751310041	2000
206.72075356042475	2000
207.0429877956512	2000
207.1517310007924	2000
207.18497643418965	2000
207.26278101524366	2000
207.9599867900125	2000
208.31533527276048	2000
208.45036713501403	2000
208.60532407277123	2000
208.62167335689898	2000
208.70833592159457	2000
208.7902974569585	2000
208.88574612608053	2000
209.04970286782432	2000
209.08548401887214	2000
209.37679296396368	2000
209.55266222722787	2000
209.61917485161987	2000
209.76647406832691	2000
210.25098256630946	2000
210.50677747118334	2000
210.7012908363772	2000
210.72479826614241	2000
210.97641451238596	2000
211.49814814021292	2000
211.51234296916354	2000
211.91577294695975	2000
212.31685032725608	2000
212.89328810893355	2000
213.2847760301418	2000
213.40025730490197	2000
213.52444645175368	2000
213.7845202187369	2000
213.92200436125924	2000
214.05575754156533	2000
214.33850954933712	2000
214.6966857996449	2000
214.8229795868079	2000
214.95291543659687	2000
214.97909364239175	2000
215.37964743107938	2000
215.5095968667955	2000
215.51503174715216	2000
216.3749298217638	2000
216.50954565228653	2000
216.51415224944975	2000
216.84684308889192	2000
216.8786430113409	2000
217.06768846177889	2000
217.19441488222	2000
217.2594982814112	2000
217.31247760571608	2000
217.36087984176274	2000
217.3978110718722	2000
217.44406571954545	2000
217.55382982182797	2000
217.61466073589236	2000
217.86808584149463	2000
217.92696133333956	2000
217.9831678141853	2000
218.1399731463453	2000
218.18945196087708	2000
218.28222203197072	2000
218.45846465339173	2000
218.48624137172328	2000
218.7409240341577	2000
218.82780147201794	2000
218.83066578262265	2000
218.89146152441805	2000
219.02298622352382	2000
219.0441526815774	2000
219.085000690433	2000
219.18570076985492	2000
219.20500807919032	2000
219.49149774128986	2000
219.54628245475394	2000
219.5956543566575	2000
219.8166844617909	2000
219.8251426859752	2000
219.83470335827928	2000
220.0347994309813	2000
220.0553126194814	2000
220.42081545064474	2000
220.66505752511708	2000
220.8409766701196	2000
220.97747001828785	2000
220.99443215888007	2000
221.36980147649072	2000
221.47831234505026	2000
221.61201217010677	2000
221.7660169757213	2000
221.77640425661164	2000
222.04995661192578	2000
222.06768496271386	2000
222.11814204302345	2000
222.1200514395913	2000
222.34886630159616	2000
222.41628497908988	2000
222.4372541969351	2000
222.4572251312951	2000
222.65797824773423	2000
222.87634956696277	2000
222.88887553468845	2000
223.08746863277653	2000
223.14961581264745	2000
223.2873882271586	2000
223.45363508862118	2000
223.47900034062044	2000
223.5597668360444	2000
223.73269019498903	2000
223.86735722225	2000
223.92973477895774	2000
224.02356867550122	2000
224.19089873501292	2000
224.2696688329962	2000
224.39216108096053	2000
224.46851140841662	2000
224.53283631650555	2000
224.88245775573026	2000
225.42896244364422	2000
225.4899241815669	2000
225.6062339318815	2000
225.6596441468614	2000
225.7117169727692	2000
225.84407320852176	2000
225.9541927428299	2000
225.9542787938609	2000
226.01491514562065	2000
226.2142353407983	2000
226.33142107328328	2000
226.34702763064396	2000
226.67978983961265	2000
226.74200825191838	2000
226.82565399545555	2000
227.03106722310588	2000
227.32122788714994	2000
227.3799422551422	2000
227.5695345376336	2000
227.59810680530816	2000
227.79182144962476	2000
227.9081043008364	2000
227.9139961213645	2000
228.0353328929713	2000
228.48241504610868	2000
228.52525666430506	2000
228.5583051005722	2000
228.59749744431122	2000
228.7112390590198	2000
228.85194532406416	2000
228.9298169026605	2000
228.99128108294872	2000
229.07649959260533	2000
229.12765981616687	2000
229.1855088578003	2000
229.21804601504064	2000
229.26846341530208	2000
229.29557103789878	2000
229.36653324057153	2000
229.36764875781006	2000
229.3920771779034	2000
229.43745060298352	2000
229.48903551675343	2000
229.55511890842882	2000
229.58585379266054	2000
229.71499004612954	2000
229.84858065200956	2000
229.86425431701883	2000
229.86668896851958	2000
230.09506034866934	2000
230.4313469331605	2000
230.47950738173284	2000
230.60319238000395	2000
230.98712105371254	2000
231.44686677487206	2000
231.4668069628657	2000
231.47937738216498	2000
231.57704777490753	2000
231.58004261535132	2000
231.98536804712384	2000
232.0053984441995	2000
232.38898152657777	2000
232.53813511995426	2000
232.5925913660109	2000
232.80939673321518	2000
232.97226261148916	2000
233.00279405456996	2000
233.2098083586896	2000
233.3229414467239	2000
233.3521581632217	2000
233.42333381381104	2000
233.45978441363428	2000
233.6110346611362	2000
233.76126038079866	2000
233.79430188182263	2000
233.8802371802297	2000
234.01565368301394	2000
234.10157739951282	2000
234.11090758251183	2000
234.244107586572	2000
234.53113127817647	2000
234.72487475831676	2000
234.7284521318441	2000
234.7829330445107	2000
234.7944038679323	2000
234.89953765473172	2000
234.95485662503106	2000
234.9656869402472	2000
235.05218345081673	2000
235.33693802618492	2000
235.4536452349821	2000
235.56261644890967	2000
235.6325144888313	2000
235.65067246725857	2000
235.83962921950823	2000
235.84970532026273	2000
235.92660152721385	2000
235.9402734676318	2000
235.94977041580484	2000
236.05662104973976	2000
236.11635042737709	2000
236.30896253948336	2000
236.35279573441645	2000
236.40404116107345	2000
236.50251119460142	2000
236.53988697920948	2000
236.62318638066725	2000
236.75478794668194	2000
236.779057253455	2000
236.8339049713883	2000
236.93330547485584	2000
237.11338340058947	2000
237.16701607783392	2000
237.21978701794274	2000
237.2335363162131	2000
237.42187682198974	2000
237.47194301334403	2000
237.5809919476742	2000
237.72886419445663	2000
237.9518556410385	2000
238.10491523370487	2000
238.1553736127175	2000
238.1714518339381	2000
238.31382777262024	2000
238.43636430583808	2000
238.48696094196004	2000
238.54663155028067	2000
238.62461975374805	2000
238.7620250289235	2000
238.84965981386236	2000
239.0286506042664	2000
239.1197847196006	2000
239.13172417724627	2000
239.13277122327176	2000
239.20749146344144	2000
239.28184057360858	2000
239.36467022504223	2000
239.3941141957305	2000
239.6969712602785	2000
239.7346944764457	2000
239.7669274458755	2000
239.81517070284934	2000
239.9718334567897	2000
240.0086505579502	0
240.043939482993	20
240.17009929682274	40
240.57392479277948	60
240.73357933266112	80
240.78205112278803	100
240.88117797059667	120
240.8889788991291	140
240.98708318136715	160
241.29330661464033	180
241.32844715409055	200
241.87230613242855	220
241.92412923306028	240
242.44469100581802	260
242.46992860038503	280
242.6636549544422	300
242.70740759874894	320
242.80042910810516	340
242.90042294988277	360
242.95740360894675	380
243.05691188425826	400
243.17240533119875	420
243.1856719685969	440
243.26592252735716	460
243.3156061578224	480
243.6887056192032	500
243.7168609652471	520
243.74056083397068	540
243.8253730303876	560
243.86022965665396	580
243.89987865110794	600
244.0556871456367	620
244.0845148749697	640
244.4763977319602	660
244.47730933192233	680
244.6487080803121	700
244.71147112941617	720
244.72978090435896	740
244.8721039601212	760
245.03090548468208	780
245.34727395948562	800
245.67954695136825	820
245.70964738217816	840
246.11977513400615	860
246.14465398999133	880
246.3349875101614	900
246.66953496969742	920
246.95845372963888	940
247.07176047211183	960
247.20883609192504	980
247.27785992066288	1000
247.48507142151897	1020
247.5229955626692	1040
247.8588796166514	1060
247.867188419522	1080
247.96867069575345	1100
248.077468946257	1120
248.3292427418517	1140
248.5118965893959	1160
248.63000792091478	1180
248.79396902379702	1200
249.04527308706164	1220
249.04547642669505	1240
249.05091143122854	1260
249.13407520013484	1280
249.35479531775863	1300
249.37569792769582	1320
249.38210724493422	1340
249.4010378989285	1360
249.56259331648147	1380
249.6497011163395	1400
249.82742535287645	1420
250.06507229388794	1440
250.2216037962011	1460
250.6713945918378	1480
251.27620141679628	1500
251.61017113337667	1520
251.73445605051685	1540
251.85454110278963	1560
252.00862316774547	1580
252.01441742932553	1600
252.19541954260743	1620
252.2928851798053	1640
252.30742904355907	1660
252.44274222515494	1680
252.5621977358259	1700
252.61028309478303	1720
252.79528688463535	1740
252.86681741255268	1760
252.9119036350049	1780
253.04884184746018	1800
253.0592476162173	1820
253.0875267754113	1840
253.09377436937	1860
253.10884947250457	1880
253.15390512105026	1900
253.18526055585963	1920
253.274994851044	1940
253.311653835892	1960
253.50393380938726	1980
253.8650708531768	2000
253.94361891279667	2000
253.963609148638	2000
254.26248833763933	2000
254.3296734302805	2000
254.35847178920503	2000
254.5259406971925	2000
254.7393373721306	2000
254.75572565508585	2000
254.7581888574032	2000
254.8121350426911	2000
254.84963059949345	2000
254.94314452670298	2000
255.0193576401706	2000
255.08415492909822	2000
255.09580459478326	2000
255.6162985421564	2000
256.1350956178259	2000
256.1598666407774	2000
256.16083466962107	2000
256.19413083816437	2000
256.3352961302855	2000
256.4601726880655	2000
256.5733231468998	2000
256.9452073371279	2000
257.08098922892003	2000
257.0918564995212	2000
257.15018938301654	2000
257.19996888265894	2000
257.2076461585884	2000
257.26855271432026	2000
257.3061581002896	2000
257.3689522083463	2000
257.56898794460704	2000
257.5813021584114	2000
257.6380410158051	2000
257.69621809885996	2000
258.020347606212	2000
258.28004857870343	2000
258.3607377617217	2000
258.40036477574125	2000
258.5033636506309	2000
258.55212653586625	2000
258.8553429072917	2000
258.8892734166439	2000
259.0149316002114	2000
259.0567768832791	2000
259.0888487044959	2000
259.0950009684464	2000
259.3635415573374	2000
259.5544653516468	2000
259.56083999109313	2000
259.63394937604187	2000
259.6573452455835	2000
259.8529662773519	2000
259.9852974253607	2000
260.36430912793804	2000
260.41574610014436	2000
260.4359891280588	2000
260.54455119254135	2000
260.6874653680162	2000
261.3347861213822	2000
261.71798758686515	2000
261.88486999401863	2000
261.97172946692604	2000
262.1745048959246	2000
262.18888618613585	2000
262.49135917507203	2000
262.59723230323	2000
262.79737852326866	2000
262.8150249640328	2000
262.8214340305076	2000
262.8360131207486	2000
263.10581142495295	2000
263.12493183399596	2000
263.1744807149479	2000
263.1995783751145	2000
263.35515979071863	2000
263.36088951828225	2000
263.37567037653866	2000
263.7160071650319	2000
263.7499593564211	2000
263.83547118909576	2000
264.0025469923814	2000
264.23236044159063	2000
264.2995921070646	2000
264.3191058873226	2000
264.3757252207312	2000
264.4920199730174	2000
264.7198264344864	2000
264.7295988108898	2000
264.74176927045636	2000
265.00219333634436	2000
265.0407395427926	2000
265.11754722943266	2000
265.1480018979182	2000
265.2770945722482	2000
265.4745686620867	2000
265.4956184952878	2000
265.587359226028	2000
265.6118073482882	2000
265.73253329294374	2000
266.162231482344	2000
266.28970639376166	2000
266.3464369172909	2000
266.3755894080096	2000
266.4419169556978	2000
266.4950787655744	2000
266.68312652036013	2000
266.74415030977985	2000
266.7482665110372	2000
266.8476331529227	2000
266.99057364505575	2000
267.2760614454347	2000
267.2845230567475	2000
267.41203867685874	2000
267.4443743638251	2000
267.5889351722395	2000
267.7286686211537	2000
267.8479010170528	2000
267.8651102525641	2000
268.3983515267784	2000
268.77655027618204	2000
268.85234740672246	2000
268.86152782617734	2000
268.87974718885255	2000
268.917404376583	2000
269.3829364492497	2000
269.55050558726293	2000
269.5992174703232	2000
269.6305736718413	2000
269.79302773491776	2000
269.8762156570026	2000
270.3620245993124	2000
270.3657057581877	2000
270.6151735875462	2000
270.62456358891137	2000
270.69284169839943	2000
270.7036053245436	2000
270.83858454939485	2000
271.15873607542267	2000
271.1939204216938	2000
271.22006861364036	2000
271.28883716991356	2000
271.4448649272089	2000
271.4583073090769	2000
271.46904300290186	2000
271.6517260001876	2000
271.6800207451863	2000
271.8094952657165	2000
271.9039598909586	2000
271.95463149716545	2000
271.9648903250768	2000
271.99093650202525	2000
271.99256016362415	2000
272.40272870771037	2000
272.46352231390347	2000
272.59674273177103	2000
272.7345437272187	2000
273.078447428801	2000
273.2829882049441	2000
273.290569915975	2000
273.3348806883498	2000
273.5493671845828	2000
273.55037687602015	2000
273.57606608246783	2000
273.5931558994696	2000
273.66131713379826	2000
273.82996247670513	2000
274.20756495493987	2000
274.5627197458041	2000
274.57494701327516	2000
274.60654981856413	2000
274.7319254513279	2000
274.7398742426401	2000
274.80810454431924	2000
274.854915041535	2000
275.2250105096919	2000
275.2487823108114	2000
275.33444240470214	2000
275.48399794010106	2000
275.56956960617663	2000
275.61881195555213	2000
275.8993159699398	2000
276.16946545255354	2000
276.23326764029645	2000
276.38391807541166	2000
276.4107729470431	2000
276.42965570496386	2000
276.8743964123564	2000
276.9412555923799	2000
277.08545889886636	2000
277.27401656143445	2000
277.52149791912854	2000
277.71238022850775	2000
277.76034481830493	2000
277.97694026714447	2000
277.997470536332	2000
278.34430310054177	2000
278.440888412172	2000
278.44500038891715	2000
278.5074716313431	2000
278.680806811927	2000
279.2915385239202	2000
279.6110750471568	2000
279.6564196415576	2000
279.66956259518093	2000
279.9704807259486	2000
280.16308546951234	2000
280.49659829196986	2000
280.56200568713166	2000
280.64608438041364	2000
280.6610168114223	2000
280.6843167616433	2000
280.7074476516863	2000
280.7212787834027	2000
280.7520992678918	2000
281.03017257242715	2000
281.1464561104825	2000
281.26208125048754	2000
281.33747592410003	2000
281.34937123733073	2000
281.6905501973015	2000
281.7617705162297	2000
281.7756704851215	2000
281.8455872856629	2000
281.8696142772086	2000
282.2174667162392	2000
282.29833345856065	2000
282.4158593728365	2000
282.42752503879433	2000
282.50908790920164	2000
282.5390729402872	2000
282.59099326185407	2000
283.0854609668183	2000
283.3816560677648	2000
283.53919665018674	2000
283.61538594382404	2000
283.6455527572254	2000
283.8526259023013	2000
283.88098325563357	2000
283.95895621225185	2000
283.9815463233216	2000
284.0646520037241	2000
284.3177554022354	2000
284.3286552945193	2000
284.32962751063457	2000
284.39489244802536	2000
284.4478397147537	2000
284.47104487702023	2000
284.5153870538566	2000
284.61767684306875	2000
284.71525032962137	2000
284.721333828797	2000
284.9048681717417	2000
285.0508975993638	2000
285.08585377438845	2000
285.16412722964617	2000
285.4948136383039	2000
285.61020957703244	2000
285.70809859620346	2000
286.0132884269606	2000
286.17469611440055	2000
286.2708796635445	2000
286.4902398262086	2000
286.55888732876065	2000
286.8102487904599	2000
286.84389176923617	2000
287.1111458460375	2000
287.16115008700564	2000
287.1673292579863	2000
287.41364282593463	2000
287.41700245076083	2000
287.4484645754814	2000
287.5102216865962	2000
287.7255708695444	2000
287.75568982664765	2000
287.79923330869747	2000
287.84122686202244	2000
288.3763910135998	2000
288.38331591291745	2000
288.60206567415446	2000
288.6337693838175	2000
288.78993124660127	2000
288.8056595073567	2000
289.09556894951527	2000
289.15240810005844	2000
289.19693821202384	2000
289.25163934407107	2000
289.27364326093067	2000
289.5004003999552	2000
289.57592150185144	2000
289.60040756773935	2000
289.735214782293	2000
290.1787305207135	2000
290.2671858658801	2000
290.3531141923582	2000
290.4878266123433	2000
290.52241035358225	2000
290.92498645038256	2000
291.1766341028387	2000
291.3180791098042	2000
291.353317703564	2000
291.4237024841571	2000
291.43930370985413	2000
291.59788043433724	2000
292.09406826809783	2000
292.131690592147	2000
292.521115094302	2000
292.58377010260955	2000
292.69601015524825	2000
292.7368627494146	2000
292.844792755366	2000
292.85598977193865	2000
293.258765438105	2000
293.27141662755537	2000
293.3392986612999	2000
293.6267211661339	2000
293.7421827308322	2000
293.94671527154975	2000
294.06684120289145	2000
294.30179474757017	2000
294.3527554320708	2000
294.4928681926	2000
295.0393671140922	2000
295.1241117721126	2000
295.39950385632113	2000
295.43869958071514	2000
295.4999050659327	2000
295.5103250154479	2000
295.62444267106764	2000
295.64120768733886	2000
295.67450622479686	2000
295.90861365865265	2000
295.9579911852922	2000
295.96761460141033	2000
295.9914619513312	2000
296.33972354941153	2000
296.3849798909965	2000
296.62865325425764	2000
296.91164554095366	2000
297.15044369187274	2000
297.2003743944878	2000
297.25187490732077	2000
297.266464986914	2000
297.51436414597725	2000
297.8283509751883	2000
297.93278364546194	2000
298.0100709362235	2000
298.08681947482097	2000
298.0965849052249	2000
298.1587812048568	2000
298.17898888022677	2000
298.21197040990313	2000
298.2137463648367	2000
298.38468232894496	2000
298.74880287546097	2000
299.1043191501132	2000
299.6973229740801	2000
299.7197215922022	2000
299.72110687184806	2000
299.7304876495422	2000
299.79719982610703	2000
299.79771166701255	2000
299.813562636626	2000
299.9862479321041	2000
299.9867384622999	2000
299.9945121054405	2000
300.137581467254	2000
300.1686580432277	2000
300.19498667395936	2000
300.21598043728665	2000
300.4207959927626	2000
300.47542386699126	2000
300.47643905612955	2000
300.49013514849935	2000
300.6689149968053	2000
300.9909324574034	2000
301.2237179746818	2000
301.2495337107582	2000
301.36925036025053	2000
301.42569020860407	2000
301.44015858748634	2000
301.57007479004955	2000
301.79330404692485	2000
301.8549937139571	2000
302.09553071128977	2000
302.12597488874843	2000
302.1392530755392	2000
302.38819718206315	2000
302.51711944724906	2000
302.5555567096878	2000
302.637603059872	2000
302.6512997286227	2000
302.7440247794037	2000
303.0029696871855	2000
303.15803974055297	2000
303.19708241321604	2000
303.2296940061018	2000
303.39749859017724	2000
303.549274657776	2000
303.55579458381345	2000
303.5619342854239	2000
303.87892431720445	2000
303.9581889240263	2000
303.9892642309877	2000
304.07473643888346	2000
304.23888879842684	2000
304.31299347667834	2000
304.4317025899086	2000
304.49913026946797	2000
304.68876162785585	2000
304.699153591986	2000
304.8962149817153	2000
304.9144407418836	2000
305.026733064315	2000
305.15867925927404	2000
305.453409330962	2000
305.55291934227006	2000
306.0814588014513	2000
306.1673687794155	2000
306.34527025498954	2000
306.4970278628668	2000
306.53037776211977	2000
306.62923702786225	2000
307.16325634431183	2000
307.28773754386134	2000
307.3611609242094	2000
307.47193977454816	2000
308.0615912524805	2000
308.2299188499562	2000
308.30714322623425	2000
308.5948775147653	2000
308.6559249617992	2000
309.39069330325975	2000
309.5475438143658	2000
310.0392672192185	2000
310.0609711397167	2000
310.6006828998109	2000
310.6428365848007	2000
310.654549286984	2000
310.70333379526454	2000
310.73047633679147	2000
311.03593820624525	2000
311.1217615888051	2000
311.1706696712847	2000
311.37422415125815	2000
311.44403352632753	2000
311.5047110902533	2000
311.61131965319373	2000
312.07625645244343	2000
312.35584596096805	2000
312.527841583892	2000
313.0625713437774	2000
313.5158268659542	2000
313.61524508745606	2000
313.91423582946334	2000
314.0520859950621	2000
314.2554917563419	2000
314.2868145650372	2000
314.4412338602324	2000
314.44248444348045	2000
314.48488870972517	2000
314.5149229640962	2000
314.5588120357963	2000
314.64694925324477	2000
314.7081596407009	2000
315.2503483522418	2000
315.48686318750237	2000
315.5465536400939	2000
315.6767535799669	2000
315.71148024829205	2000
315.77388906159973	2000
315.8677176697997	2000
315.9215378397733	2000
315.9316796808901	2000
316.01618343906273	2000
316.1198295848301	2000
316.14131316557	2000
316.2140320772261	2000
316.31052216473057	2000
316.37436953530636	2000
316.39199453179435	2000
316.4268890061324	2000
316.42752938768666	2000
316.6272454100023	2000
316.6554243292966	2000
316.6961201417789	2000
316.7070552511754	2000
316.84351687164593	2000
316.9406332844448	2000
316.96189212093253	2000
316.9907289984558	2000
317.2690693766872	2000
317.34081128948486	2000
317.3701815609974	2000
317.39730333637755	2000
317.73720101747836	2000
317.921167674677	2000
317.99051037550225	2000
318.12377913953054	2000
318.2017026356681	2000
318.34667087358196	2000
318.433262721258	2000
318.46070433614324	2000
318.47872226248745	2000
318.6825853611915	2000
318.8012804023255	2000
318.9283330534813	2000
319.0040502284706	2000
319.10807169316763	2000
319.2887813466238	2000
319.3280358621622	2000
319.371150875778	2000
319.43115268284834	2000
319.606122394305	2000
319.9415170375303	2000
320.0197404689508	2000
320.0409257241548	2000
320.23204390308973	2000
320.9571315747237	2000
320.9867339766459	2000
321.0110269052614	2000
321.3254315085938	2000
321.44533458021647	2000
321.70564084489587	2000
321.7413036242734	2000
321.7495083369067	2000
321.8708912174665	2000
322.12666096741447	2000
322.3812226305546	2000
322.39196423752185	2000
322.47393167682293	2000
322.74152823241417	2000
322.8896290816089	2000
322.9016121552271	2000
322.9256622096545	2000
322.9270846053474	2000
322.9643418849209	2000
323.27908257430033	2000
323.33118170834655	2000
323.4544716549954	2000
323.50117447678565	2000
323.5339526798535	2000
323.6740445892856	2000
323.7480493907653	2000
323.75309304664535	2000
323.764881273231	2000
323.8496753451099	2000
323.89841401059675	2000
324.09788246301184	2000
324.34034729030424	2000
324.3890846805133	2000
324.42942386453916	2000
324.45754752639976	2000
324.6097731261527	2000
324.6374120282476	2000
324.7281272999237	2000
324.86619663313746	2000
324.9207412169804	2000
324.9363018914375	2000
324.94658169708845	2000
325.1425012250547	2000
325.19128059947303	2000
325.2252167918376	2000
325.33549638733524	2000
325.3467522459648	2000
325.56534101332653	2000
325.91689816889846	2000
326.1401300624643	2000
326.15624455187736	2000
326.5768300394978	2000
326.8223491474027	2000
326.8549715285729	2000
327.03546731079024	2000
327.1695919520065	2000
327.1710922732237	2000
327.20998764594185	2000
327.211888542626	2000
327.28212023859976	2000
327.34679842262284	2000
327.6106196169715	2000
327.97152853295285	2000
328.076858489895	2000
328.09246440800126	2000
328.17612937624176	2000
328.55164084714676	2000
328.82135805500457	2000
328.83287371633793	2000
328.88903784345257	2000
328.90187633653034	2000
328.9757127603078	2000
328.9916422233286	2000
329.0061561828416	2000
329.0845166761898	2000
329.1579937882791	2000
329.1933056026298	2000
329.3456089854907	2000
329.57315677903017	2000
329.61528146965554	2000
329.73091634612405	2000
329.98379892414295	2000
330.0616969928201	2000
330.0789021418795	2000
330.0969227610814	2000
330.1123347892422	2000
330.1724383125666	2000
330.3369782103627	2000
330.3989578636218	2000
330.4238654840008	2000
330.4934395999049	2000
330.55650244492244	2000
330.563431072123	2000
330.57990251544686	2000
330.70594653953253	2000
330.9827093313084	2000
331.00801397534025	2000
331.0909660369279	2000
331.1109156192879	2000
331.13911069982936	2000
331.408745315889	2000
331.4270489759491	2000
331.6304605730328	2000
331.71335987867405	2000
331.764882072853	2000
332.0098789394144	2000
332.12953950348685	2000
332.15516029254877	2000
332.25833818883103	2000
332.32604921811435	2000
332.35660239113656	2000
332.86461171305064	2000
332.9095643649733	2000
332.98959569855543	2000
333.0220627791514	2000
333.2668431546995	2000
333.26812928274177	2000
333.3242043918161	2000
333.4367337020339	2000
333.834383107645	2000
333.93704322663433	2000
333.98103702471633	2000
334.20137503748845	2000
334.2845560937099	2000
334.6398874701226	2000
334.7150254926659	2000
335.12437591012775	2000
335.2241950441693	2000
335.26414394119723	2000
335.45503390973647	2000
335.9739286617753	2000
336.05181366400586	2000
336.3113109022728	2000
336.3263024532902	2000
336.5787460866414	2000
336.73477470023823	2000
336.76918368644203	2000
337.0424069602936	2000
337.0724032524401	2000
337.22279716474696	2000
337.2529943326333	2000
337.47228692761433	2000
337.5512023244017	2000
337.55171395144623	2000
337.58377873377253	2000
337.690514137481	2000
337.88325176301834	2000
337.91892554058376	2000
338.1887199515119	2000
338.23163296840534	2000
338.3238024994741	2000
338.66890404190474	2000
338.6754190307635	2000
338.90989312940184	2000
339.16046626892387	2000
339.18275998735413	2000
339.2051079843526	2000
339.46792900251893	2000
339.67567811407264	2000
339.81839786641746	2000
339.98850998769007	2000
340.0430133547788	2000
340.1128925396179	2000
340.2814951577701	2000
340.4163870364374	2000
340.46881252514845	2000
340.5953531077781	2000
340.5985366396779	2000
340.6625918881161	2000
340.68094978132956	2000
340.72380813874355	2000
340.727252108088	2000
340.8419295475494	2000
340.8601825922142	2000
340.8950144700231	2000
341.02857313366195	2000
341.1595964485019	2000
341.4323656399578	2000
341.4735658760203	2000
341.5305506329325	2000
341.5784389683509	2000
341.59440690457063	2000
341.6629189159636	2000
341.86395685439044	2000
341.9507186049783	2000
342.0797345407268	2000
342.1789897644935	2000
342.32999743618655	2000
342.5504519349977	2000
342.7603117951004	2000
342.7832142399496	2000
342.8048597988782	2000
342.8943463707734	2000
342.9411396766558	2000
342.96587245601495	2000
343.0193560342464	2000
343.0616496453751	2000
343.0998639378399	2000
343.20894494549657	2000
343.50799242868686	2000
343.52469047221047	2000
343.533439470775	2000
343.5754022096991	2000
343.5912900720266	2000
343.7138483412409	2000
343.7701686191439	2000
343.77391723515035	2000
343.86614529830894	2000
343.92497052695313	2000
343.96116759446	2000
343.9905806073466	2000
344.0718861997364	2000
344.1374135184407	2000
344.18522471669866	2000
344.2092875080495	2000
344.79823292794066	2000
344.91970265113144	2000
345.12810625579715	2000
345.2078140543951	2000
345.5101276566778	2000
345.54524276089677	2000
345.65088585265346	2000
345.77948582308886	2000
345.84272696625004	2000
345.84458675334037	2000
345.9369472956908	2000
345.9599065322899	2000
345.9874697834817	2000
346.0607339887944	2000
346.1030881082475	2000
346.12055324751276	2000
346.1761864175954	2000
346.2111218728865	2000
346.58753904583415	2000
346.7914118362666	2000
346.795425342384	2000
346.82895195360203	2000
347.12583726571205	2000
347.179444926013	2000
347.1966347474355	2000
347.4292023084754	2000
347.4409377936144	2000
347.5170440217414	2000
347.52974473174356	2000
347.5534273774143	2000
347.59169398562204	2000
347.98469043725447	2000
348.526522247078	2000
348.6718285685998	2000
348.9224787335166	2000
349.2232815843752	2000
349.3450725780184	2000
349.38498794874016	2000
349.4277106055989	2000
349.53360902358236	2000
349.5384977512028	2000
349.54433292460806	2000
349.8910506735541	2000
350.4919562938306	2000
350.6518724593105	2000
350.78415690485684	2000
350.78416539222866	2000
350.9426321814288	2000
351.03365351032056	2000
351.08561670247343	2000
351.13959394730324	2000
351.23470464042526	2000
351.50993172660617	2000
351.723630084493	2000
351.8497877210046	2000
351.922079877249	2000
351.92292512291885	2000
352.0302051963127	2000
352.1759731335881	2000
352.71362167172856	2000
352.78247824891844	2000
353.170855493323	2000
353.30205865815327	2000
353.5933977538045	2000
353.63326546628144	2000
353.66591905392863	2000
353.70231664963177	2000
353.81782328337914	2000
353.83818113039723	2000
353.8432731405565	2000
354.02100010320447	2000
354.0212531673474	2000
354.2736614934127	2000
354.2760953036746	2000
354.27628405803404	2000
354.34344900237136	2000
354.43060299098187	2000
354.7254488285115	2000
355.11178602021533	2000
355.53862994951595	2000
355.6113519389285	2000
355.78674182156817	2000
355.79016015993756	2000
355.8167554538347	2000
356.2668875123677	2000
356.4230859951031	2000
356.4333530226853	2000
356.44029875164676	2000
356.5137278800414	2000
356.6083788043728	2000
356.83963763257776	2000
356.9590593216962	2000
356.9718528993297	2000
357.0040569454454	2000
357.10248982559017	2000
357.2970955883166	2000
357.47474903575545	2000
357.48219583029874	2000
357.84114555996047	2000
357.87135022184356	2000
357.89036010319734	2000
357.9190948608222	2000
357.9775090831319	2000
358.00106994942803	2000
358.05793476099944	2000
358.16151715649477	2000
358.42477489632995	2000
358.5014949564675	2000
358.50778528356597	2000
358.6618147113627	2000
358.66587715553754	2000
358.85404722033144	2000
359.00568406678104	2000
359.106653367668	2000
359.47424787530514	2000
359.5328087600311	2000
359.5769177789351	2000
359.7539701163108	2000
359.8715840321579	2000
359.95497914706027	2000
360.1022808334173	0
360.1942984429761	20
360.4949701108299	40
360.627375656794	60
360.6497281105123	80
361.02274858329014	100
361.19256053177594	120
361.28386837748855	140
361.5027283198919	160
361.52361963753276	180
362.0582041282619	200
362.1253063202511	220
362.1436719046474	240
362.25375486315227	260
362.4237152464634	280
362.512361049956	300
362.64281177072945	320
362.6597027300319	340
362.76267544594083	360
363.06603630717507	380
363.2358672584286	400
363.28849352508	420
363.3659008152478	440
363.3786028842729	460
363.5603045913928	480
363.85678242300554	500
363.96456101570953	520
364.1510592488909	540
364.74851024405206	560
365.0180837883014	580
365.1745716878149	600
365.46046479815897	620
365.6919408622079	640
365.7861648378882	660
365.8686626992232	680
365.886750858107	700
366.0013983816353	720
366.04913191310516	740
366.1585134528202	760
366.22683754512076	780
366.40615903236625	800
366.4349376075691	820
366.46170617277625	840
366.82450584123404	860
366.8302930741163	880
366.9109904656425	900
366.9250766994471	920
366.9370194699222	940
367.0141158623721	960
367.063344039976	980
367.12476320268973	1000
367.31020538876714	1020
367.3102745347901	1040
367.526469999367	1060
367.67927564505965	1080
367.68315449271097	1100
367.74239626275636	1120
367.8195540300943	1140
367.8580356335702	1160
367.86445611564244	1180
367.9888372128361	1200
368.03095287063985	1220
368.0841560929419	1240
368.206874905229	1260
368.32786232427173	1280
368.42525163024817	1300
368.9104060792215	1320
368.95941169245407	1340
369.1328110696486	1360
369.5885399907534	1380
369.602357379291	1400
369.93453095139074	1420
369.9653494828053	1440
370.3675113161907	1460
370.43619816972034	1480
370.4380534360807	1500
370.4543776793659	1520
370.4776046459219	1540
370.5342661990223	1560
370.7146556744477	1580
370.95199132966184	1600
371.08471778251453	1620
371.10133977447776	1640
371.11041834887226	1660
371.3067878367638	1680
371.5085980688557	1700
371.6069977636188	1720
371.7351115228298	1740
371.7484673451471	1760
371.87424170255974	1780
371.9282540461157	1800
371.9565496746474	1820
371.97320113679325	1840
372.0136908253505	1860
372.2584009544243	1880
372.26712021547024	1900
372.7363779996876	1920
373.0457391779167	1940
373.10533425327867	1960
373.55904481497663	1980
373.69484632040536	2000
373.8288933207778	2000
373.9159415438924	2000
373.9170892938949	2000
374.00967686263743	2000
374.0336863147444	2000
374.04102312725126	2000
374.09478770678277	2000
374.16075871625435	2000
374.3185895437321	2000
374.46485567377846	2000
374.6198144080022	2000
374.7214433970817	2000
374.7921498145466	2000
375.0075296990653	2000
375.0292406775947	2000
375.13780093472946	2000
375.1429032807717	2000
375.4331525521269	2000
375.43974870113163	2000
375.44608357599475	2000
375.51716099284033	2000
375.599327777898	2000
375.6273707420674	2000
375.7054518564473	2000
375.7622024173744	2000
375.8581830810291	2000
375.9042481637982	2000
376.1727810224749	2000
376.17390682157117	2000
376.19562680326135	2000
376.52222314181427	2000
376.6293604188014	2000
376.6636851001322	2000
376.6938373205805	2000
376.8325429967575	2000
376.8477712295682	2000
376.9064704945671	2000
377.1090528844392	2000
377.1958682407557	2000
377.27345298861223	2000
377.2793368840447	2000
377.3222724318193	2000
377.61764775482754	2000
377.76455194411943	2000
377.88570142249114	2000
377.90719365811077	2000
377.91970688203327	2000
377.9387704038001	2000
378.05485136293527	2000
378.3232584198626	2000
378.36518838053206	2000
378.37365172690374	2000
378.4965477311198	2000
378.65206778138725	2000
378.7291902305541	2000
378.92472103243546	2000
379.110451906322	2000
379.2017395656159	2000
379.5707242569063	2000
379.588367569339	2000
379.6749124386609	2000
379.95795319195446	2000
380.2315937819721	2000
380.24350753322267	2000
380.286857541425	2000
380.41788768591164	2000
380.4239902257751	2000
380.43951362803426	2000
380.7882109847529	2000
381.0251835050424	2000
381.08408963378844	2000
381.14495954152846	2000
381.1651869902074	2000
381.40469034142114	2000
381.4421625733387	2000
381.48104834165383	2000
381.5028735466452	2000
381.5349121039813	2000
381.6320197324152	2000
381.78720365252184	2000
381.79900046743325	2000
381.84526314541733	2000
381.8730515839076	2000
381.92154217651375	2000
382.2191881660637	2000
382.23967797871114	2000
382.36055551396424	2000
382.60512389190666	2000
382.6622209521276	2000
382.673792971794	2000
382.7187658622924	2000
383.0112699297579	2000
383.10721636303794	2000
383.4453602926358	2000
383.5342724546064	2000
383.709007556187	2000
383.7623388219511	2000
383.7756297384702	2000
383.80008640384716	2000
383.9119510551748	2000
383.9420361120493	2000
384.04000845903084	2000
384.07624866946105	2000
384.2400211914355	2000
384.28781036984964	2000
384.29457326226	2000
384.4309679772743	2000
384.48362030829804	2000
384.50021719248434	2000
384.53164894365995	2000
384.5347206087465	2000
385.1829091823415	2000
385.55486507296627	2000
385.7058869729833	2000
385.7156555383962	2000
385.7723532623602	2000
385.77697011581427	2000
385.8774409475492	2000
385.89969760137103	2000
386.0940570695016	2000
386.3413315467194	2000
386.36261367800415	2000
386.36441957065335	2000
386.3727459411362	2000
386.42016285846546	2000
386.53223703000344	2000
386.6654078223893	2000
387.01253417865274	2000
387.12035282966656	2000
387.1683105864591	2000
387.26725732551523	2000
387.30268982985683	2000
387.4023833856364	2000
387.4353335817062	2000
387.4686754292191	2000
387.59008113857806	2000
387.64613347742625	2000
387.6600746069472	2000
387.7177440923753	2000
387.76842103448416	2000
388.11674511577826	2000
388.1387513255249	2000
388.1443237537348	2000
388.2047646535406	2000
388.2614838714233	2000
388.3517679512654	2000
388.4133421466025	2000
388.4949814128571	2000
388.49601974970216	2000
388.5086892306597	2000
388.5440286909077	2000
388.6011204497137	2000
388.86721593670813	2000
388.94616176374313	2000
389.32759344438546	2000
389.47721193843296	2000
389.5234611797262	2000
389.8367788157744	2000
390.0070981614442	2000
390.0949080027293	2000
390.17860402228894	2000
390.29667540259294	2000
390.3923557695367	2000
390.4039199528502	2000
390.45553062911694	2000
390.52289762526283	2000
390.91866413574377	2000
391.0220701752675	2000
391.07126362519665	2000
391.14177318689923	2000
391.16800425517187	2000
391.21411531811077	2000
391.708166646976	2000
391.7575919858784	2000
391.86775939903333	2000
391.97450339923097	2000
392.00679567098376	2000
392.0409432519371	2000
392.3477074663359	2000
392.93283234848604	2000
393.23754921298746	2000
393.44071549094093	2000
393.5293604885879	2000
393.5306973191182	2000
393.55610001719964	2000
393.5833190666608	2000
393.61297659051036	2000
393.7960496417953	2000
393.90579884005734	2000
394.0737330328278	2000
394.11442205751234	2000
394.3733876176994	2000
394.4845953908347	2000
394.58858959499327	2000
394.6490214304052	2000
394.7747692152266	2000
394.78306897424216	2000
394.81196847828994	2000
394.83919905010083	2000
395.1423868788757	2000
395.39133011300004	2000
395.48508954676265	2000
395.52761288030683	2000
395.6718104640947	2000
395.80856965266054	2000
396.3996182342232	2000
396.4094792066482	2000
396.50031326108507	2000
396.56153186146605	2000
396.77523679364475	2000
396.7930037160649	2000
396.853266951976	2000
397.2294349203259	2000
397.3756164421258	2000
397.43846577719535	2000
397.5222637396179	2000
397.64886723713823	2000
397.6575214151455	2000
397.82635835347384	2000
397.8384504479372	2000
398.0276664961452	2000
398.36639699881187	2000
398.45639375005004	2000
398.51899668606416	2000
398.65308140885827	2000
398.82659453681276	2000
398.93421833182606	2000
399.3425730950156	2000
399.36060107910646	2000
399.3736775079294	2000
399.559984589974	2000
399.56169312601025	2000
399.68310690903695	2000
399.7444411571558	2000
399.8178191488447	2000
400.0450080099723	2000
400.0525538320194	2000
400.2876373565346	2000
400.31624520570426	2000
400.56309603465525	2000
400.58052260574857	2000
400.64184318424293	2000
400.75992172796487	2000
400.8937205926983	2000
400.95860387902053	2000
401.25314309256913	2000
401.26320878612626	2000
401.28035032854615	2000
401.32372422382446	2000
401.4190595205957	2000
401.57955343720045	2000
401.9058184915247	2000
401.90915432987447	2000
401.9793407925478	2000
402.06528146272734	2000
402.2366192805417	2000
403.35275079400316	2000
403.59826032597834	2000
403.7213706619914	2000
403.7302359969875	2000
403.7516357513393	2000
403.7745816507752	2000
403.9541029783925	2000
403.9598186625449	2000
403.9854787258969	2000
404.0598096069013	2000
404.18137174800097	2000
404.68030907954574	2000
405.0089760842577	2000
405.1792045816915	2000
405.29965755246667	2000
405.5523701409792	2000
405.6577003144079	2000
406.1687936898674	2000
406.1907991735105	2000
406.3576727621498	2000
406.9232492355229	2000
407.0941598410815	2000
407.19438714134515	2000
407.3420632827727	2000
407.79072996503703	2000
408.0406659214696	2000
408.33773604300893	2000
408.52332888676676	2000
408.574831763237	2000
408.6743851275984	2000
408.6770472291642	2000
408.7243536606015	2000
409.09925189893386	2000
409.1174677326358	2000
409.17185172194434	2000
409.25065321991553	2000
409.3486543391273	2000
409.3947646658692	2000
409.93450329281785	2000
410.09627432097324	2000
410.28645028489865	2000
410.2936546563837	2000
410.5838499821174	2000
410.78283119292496	2000
410.868657461548	2000
411.28463127290775	2000
411.3255410788413	2000
411.3378768093102	2000
411.41250726875336	2000
411.5521850703389	2000
411.61339722123716	2000
411.71571752564387	2000
411.771052415239	2000
411.8597020259058	2000
411.98937418407473	2000
412.17516510311447	2000
412.1862186234412	2000
412.44925190235654	2000
412.48213915166326	2000
412.5276339591672	2000
412.8387136281188	2000
413.17436066903105	2000
413.18227619180635	2000
413.2128816952426	2000
413.2590358920597	2000
413.5444175460096	2000
413.7847719075762	2000
414.07763451661526	2000
414.09975673326153	2000
414.190217695377	2000
414.2766551173833	2000
414.4586686801752	2000
414.4625205239496	2000
414.62442141697323	2000
414.67940548716047	2000
414.8582359866743	2000
414.8874771743121	2000
414.93982872880605	2000
415.096328353786	2000
415.11021544529865	2000
415.2233175979444	2000
415.3133745321865	2000
415.54039476896645	2000
415.71538281552125	2000
415.818265142763	2000
415.8826637513788	2000
415.910573047386	2000
416.95656651166877	2000
417.09601421899515	2000
417.15572942690414	2000
417.36004257793763	2000
417.8765359456248	2000
418.08818052638304	2000
418.41527128216654	2000
418.7320627322187	2000
418.74598716674717	2000
419.0051400830338	2000
419.0835045294591	2000
419.1137808383169	2000
419.1581999847141	2000
419.2598631635778	2000
419.27508646799123	2000
419.28674166613564	2000
419.34827022503043	2000
419.40845398219255	2000
419.5071033659442	2000
419.5602537335909	2000
419.56567865415275	2000
419.80488849226003	2000
419.8603402531885	2000
420.05029309534774	2000
420.18525770726677	2000
420.2509140876161	2000
420.5552737228415	2000
420.63453504493805	2000
420.6761000855679	2000
420.9982330605846	2000
421.07940137874675	2000
421.1038484260411	2000
421.412773836198	2000
421.5491706523064	2000
421.55535853560536	2000
421.6566864510888	2000
421.76448595921147	2000
422.12611683976854	2000
422.21747993871776	2000
422.2192770828005	2000
422.26091768756885	2000
422.2823478518176	2000
422.3095208146364	2000
422.31052221174394	2000
422.32438782600303	2000
422.6344386119667	2000
422.73314615188684	2000
422.9497151879459	2000
423.03969645803187	2000
423.0574039199203	2000
423.08323604222664	2000
423.870019438222	2000
423.8890949496531	2000
424.0186110119864	2000
424.0356093954322	2000
424.13523424165027	2000
424.476221480004	2000
424.53951066481164	2000
424.6315254675056	2000
424.6802311018748	2000
424.83993362398667	2000
424.980314765856	2000
425.0028127945829	2000
425.4453314159612	2000
425.44540556482025	2000
425.47166639174134	2000
425.493067712176	2000
425.78717562232436	2000
425.78841920009575	2000
425.8175437468958	2000
425.9369164961923	2000
426.51474813323694	2000
426.55088217224494	2000
426.6047222944434	2000
426.78044869368875	2000
426.9044870481409	2000
426.91020196467315	2000
427.03005868231696	2000
427.2277317909106	2000
427.2410383559286	2000
427.45041414733396	2000
427.49703631875775	2000
427.58360855294666	2000
427.6461890733774	2000
427.6526703984451	2000
427.6989309781774	2000
427.7389031730445	2000
427.7794234785106	2000
427.802544838648	2000
427.80453664371714	2000
427.980775085482	2000
428.1326422466934	2000
428.4501518007844	2000
428.49747086759953	2000
428.5868205573871	2000
428.86649579461545	2000
428.9019051881321	2000
429.11293116977896	2000
429.13161294197624	2000
429.13500482049886	2000
429.2774902838617	2000
429.3213267233931	2000
429.437727776758	2000
429.62897628920865	2000
429.70070092369076	2000
429.86563142981174	2000
429.9039740150073	2000
430.145515550862	2000
430.39667052327366	2000
430.78722094761997	2000
430.8206460047332	2000
430.94259132494955	2000
431.34037985557535	2000
431.47977486537013	2000
431.6305884073353	2000
431.6502193612829	2000
431.68099918360383	2000
431.95929807793624	2000
432.0005401492774	2000
432.067278124548	2000
432.10584528100696	2000
432.1190549698632	2000
432.15666746704943	2000
432.1949530128085	2000
432.45234107644137	2000
432.47004200367724	2000
432.48429182646066	2000
432.4909354656624	2000
432.5040889899403	2000
432.64027571316456	2000
432.653634349616	2000
432.6682888595124	2000
432.7080435227091	2000
432.87164036167314	2000
432.9323243495739	2000
433.2229762520671	2000
433.27261506490385	2000
433.32059189955555	2000
433.3526013148606	2000
433.59447870568425	2000
433.6047321790449	2000
433.6698367877045	2000
433.7906902823661	2000
433.8346627081672	2000
433.96640080510883	2000
434.0005128391376	2000
434.004344701818	2000
434.44238416118213	2000
434.7883748402626	2000
434.8256466660362	2000
434.8483789882466	2000
435.08652076456997	2000
435.116541640604	2000
435.28773649907214	2000
435.62190710182097	2000
435.6904561192109	2000
436.0196574375689	2000
436.0799600710133	2000
436.2623472143261	2000
436.49501929749835	2000
436.53110946872823	2000
436.6228457410213	2000
436.696757633339	2000
436.70907925587517	2000
436.8804480126181	2000
436.9688803682631	2000
436.97995641394607	2000
437.11328976598634	2000
437.1500926541557	2000
437.29516183467354	2000
437.3085941217512	2000
437.4178881933385	2000
437.4409806844015	2000
437.4845379684546	2000
437.65943143102834	2000
437.6884211027744	2000
437.7817432702992	2000
437.79525316215285	2000
437.7967134114453	2000
437.85554098771786	2000
438.0268547333879	2000
438.08505869091556	2000
438.8250208290107	2000
439.26198266604854	2000
439.32979561762676	2000
439.51253329116787	2000
439.52016076645447	2000
439.53604368310516	2000
439.54654528668505	2000
439.7661159696381	2000
439.873316618455	2000
440.0098800375398	2000
440.0277117392309	2000
440.0643670430599	2000
440.2611411801939	2000
440.3530781866012	2000
440.5349422059321	2000
441.1558526174559	2000
441.36694810910205	2000
441.4030561473948	2000
441.43137602800874	2000
441.4376765702874	2000
441.685428016756	2000
441.8893866113655	2000
442.62980301720904	2000
442.77015161514095	2000
443.04411142990045	2000
443.0859243646331	2000
443.2683689917583	2000
443.2829828585775	2000
443.4298278081922	2000
443.65273087456376	2000
443.67233876420306	2000
443.6955175316155	2000
443.7457492422625	2000
443.9907407134086	2000
444.0024577564222	2000
444.5275329620582	2000
444.53993485833814	2000
444.64244098542594	2000
444.72913326999276	2000
444.77924608087517	2000
444.8594137995363	2000
444.9063285104109	2000
444.98481923881207	2000
445.00894659532224	2000
445.1263243290349	2000
445.1520687124688	2000
445.1525080123641	2000
445.1988856570763	2000
445.20795724258534	2000
445.24329832123817	2000
445.26677842496616	2000
445.42797353367996	2000
445.4711023250273	2000
445.47119631775365	2000
445.56196240488015	2000
445.5791897059987	2000
445.92310649231547	2000
445.9427518655685	2000
445.94739098068817	2000
446.02064546035547	2000
446.07424634949734	2000
446.0776771681468	2000
446.19522602722594	2000
446.41883962012514	2000
446.49593922949066	2000
446.5916373489934	2000
446.61284163585657	2000
446.71150103111427	2000
446.7435095096156	2000
446.7447614712947	2000
446.80103523771356	2000
446.86423473707356	2000
447.08734682059395	2000
447.2839964170964	2000
447.4685522007813	2000
447.64646730115953	2000
447.65890046791253	2000
447.74986578275525	2000
447.8198383644221	2000
448.1941081900311	2000
448.2852914507939	2000
448.3196252666249	2000
448.3914790488206	2000
448.78914267690584	2000
448.82026497858504	2000
448.9308948984597	2000
449.07154679633544	2000
449.08095369698276	2000
449.18506474839234	2000
449.28593648221675	2000
449.3632078035175	2000
449.61811261235516	2000
449.6355693397074	2000
449.64648923289525	2000
449.8085284127842	2000
449.8346415747552	2000
449.88238715820836	2000
450.0395154764964	2000
450.0733322784469	2000
450.1245085276378	2000
450.47480401281763	2000
450.4850065279597	2000
450.5848944134232	2000
450.5860225340498	2000
450.58839754314187	2000
450.5977249424163	2000
451.0650371239198	2000
451.2503995595235	2000
451.33442983486947	2000
451.3808781091071	2000
451.40160033783826	2000
451.47878836837464	2000
451.52492423457375	2000
451.846721373564	2000
451.85786994072816	2000
451.88109543990646	2000
452.3089074073661	2000
452.4856901171589	2000
452.5175121012363	2000
452.8160325232238	2000
452.84012253305553	2000
453.08759631709273	2000
453.1900401866389	2000
453.27094266946375	2000
453.81922916679355	2000
454.15490933214863	2000
454.2378042739607	2000
454.2747783700882	2000
454.5590985397498	2000
454.6470625000897	2000
454.6493685334025	2000
454.8064384795573	2000
454.8099640178747	2000
455.0796033964965	2000
455.19899292223965	2000
455.2208885829911	2000
455.2969280400642	2000
455.32380868115547	2000
455.39194531553204	2000
455.3930807073343	2000
455.5211214982815	2000
455.54718649667717	2000
455.5507776646813	2000
455.5724513021083	2000
455.6377179190602	2000
455.76308361919126	2000
455.8231272661521	2000
455.86153610821094	2000
456.1249818973352	2000
456.1434669363522	2000
456.6299995578059	2000
456.690628205393	2000
456.7196263513195	2000
456.8547470800213	2000
456.9117987086224	2000
457.0315057372451	2000
457.038232513669	2000
457.0425330470964	2000
457.06282313106783	2000
457.1310112719143	2000
457.29640359838265	2000
457.29690932000983	2000
457.45926439930577	2000
457.5229301684905	2000
457.5370984766342	2000
457.7155143020668	2000
457.9739109886838	2000
458.03902162849994	2000
458.0945182538968	2000
458.16517243514414	2000
458.23538441522106	2000
458.5912090164867	2000
458.71774962406136	2000
458.809529069443	2000
458.8563337497713	2000
458.88758739441937	2000
458.90705692863185	2000
459.1238064300198	2000
459.13889404669726	2000
459.193990811657	2000
459.3432197187521	2000
459.3947618800452	2000
459.52474168865814	2000
459.7232254515413	2000
459.76087969017453	2000
459.81376999538605	2000
459.91040003778346	2000
460.13890819773417	2000
460.163851100719	2000
460.16675010883216	2000
460.28598401359494	2000
460.52261434697294	2000
460.56878612527737	2000
460.7232289033249	2000
460.74174738415667	2000
460.8853369741178	2000
460.9297749786051	2000
461.10888135149463	2000
461.1480797006853	2000
461.1667658896811	2000
461.23825009948337	2000
461.2841516851304	2000
461.4943281401007	2000
461.7868304595649	2000
461.8073367811502	2000
461.940424353392	2000
462.18703765561366	2000
462.44000430160685	2000
462.66514794589585	2000
462.6921101704732	2000
462.86416638693487	2000
462.91017500319094	2000
462.93880410902	2000
463.03747059355777	2000
463.15014381269935	2000
463.2362844568634	2000
463.27241892288464	2000
463.34649134993623	2000
463.5987699653809	2000
463.6473348672383	2000
463.9684966063139	2000
464.1538287536061	2000
464.55472400126354	2000
464.6034298396857	2000
464.6661536744251	2000
464.89530740715395	2000
464.98884744278746	2000
465.0720085496703	2000
465.17504005618986	2000
465.23284970239035	2000
465.2764039928114	2000
465.3874280342442	2000
465.5244672449154	2000
465.5622339159888	2000
465.89721218949535	2000
465.98083626310114	2000
466.01353673553336	2000
466.06784925516587	2000
466.0895179099505	2000
466.279627782365	2000
466.4107076253336	2000
466.5580764765742	2000
466.7907907499702	2000
466.828547471665	2000
466.8693488241334	2000
467.2132858129548	2000
467.3429208578736	2000
467.3803910603692	2000
467.7957376981776	2000
467.8294974919849	2000
467.98436069922275	2000
468.03160794909684	2000
468.1611517457691	2000
468.2696025595887	2000
468.4777801562439	2000
468.49049592771865	2000
468.69522477434697	2000
468.74253997680137	2000
468.80213063355944	2000
468.93635807103635	2000
469.29349901496784	2000
469.36206153719576	2000
469.4093133611183	2000
469.4289716903696	2000
469.8032381598972	2000
470.1518660997533	2000
470.33296911029026	2000
470.656685556407	2000
470.7078765935589	2000
471.2871819461321	2000
471.37972710349595	2000
471.6339948330843	2000
471.73174832211595	2000
471.7473857099271	2000
472.03383665598466	2000
472.0615882448844	2000
472.1161007642224	2000
472.1484818236359	2000
472.4106297694388	2000
472.5639072237918	2000
472.7954940462962	2000
472.88028377683565	2000
473.03106682147165	2000
473.1081051661165	2000
473.2593802820662	2000
473.30391010066495	2000
473.5508513166191	2000
473.6119001757558	2000
473.67362749247974	2000
473.7354076684569	2000
473.8371233910894	2000
474.41000469900166	2000
474.49062715708885	2000
474.62425419898204	2000
474.6963951990447	2000
475.0267039468514	2000
475.14012322026537	2000
475.15508180742535	2000
475.1557549161566	2000
475.1817860494883	2000
475.2196829490397	2000
475.22744469005846	2000
475.24925004074095	2000
475.32391215863043	2000
475.4750851809076	2000
476.150503387867	2000
476.246302889788	2000
476.28497311794536	2000
476.44667327872577	2000
476.45278039705704	2000
476.48270715348764	2000
476.741000930331	2000
476.83619357679885	2000
477.0280104530872	2000
477.0457328803956	2000
477.05247263337856	2000
477.1465570229916	2000
477.1763473426912	2000
477.1894861372124	2000
477.2073853530057	2000
477.232578865291	2000
477.2584917208628	2000
477.2808346875051	2000
477.3097610792193	2000
477.4309037074598	2000
477.44103508665853	2000
477.6487406525238	2000
477.9448273281827	2000
478.0529672384386	2000
478.0676246362586	2000
478.13724946061143	2000
478.34575519230765	2000
478.41174802369653	2000
478.45247975622794	2000
478.63333228536965	2000
478.7123841273948	2000
478.79602947181365	2000
479.03581337951005	2000
479.09316019185144	2000
479.1737928724459	2000
479.21469151190325	2000
479.2814789653243	2000
479.29341260317005	2000
479.40154725474673	2000
479.635761011139	2000
479.813837731114	2000
479.9582173254911	2000
480.17596341984654	0
480.30954946409895	20
480.32982138552006	40
480.54543219209285	60
480.7223541574577	80
480.7633175553379	100
480.785153210011	120
480.9202525159341	140
480.9684331869336	160
481.03057521477746	180
481.0627552069324	200
481.0771794952176	220
481.19183473978916	240
481.33845315437145	260
481.6642136363413	280
481.6663948134101	300
481.8598530687466	320
481.9066991677055	340
481.9421164897975	360
482.0454683779068	380
482.04954070195464	400
482.51027955371484	420
482.73483279519303	440
482.8970095983081	460
482.99048682078165	480
483.18380453650127	500
483.47839950028106	520
483.50107396807493	540
483.7774189483814	560
483.7861129097667	580
484.1768846830941	600
484.2400584111033	620
484.29199410600876	640
484.5299736738022	660
484.6711484517275	680
484.7214385942543	700
484.88587487678734	720
484.914840478628	740
485.063365919947	760
485.1047084251338	780
485.25377634384137	800
485.29064454064854	820
485.4532993583541	840
485.55965147264	860
485.63954998269236	880
485.7145669138483	900
485.9142295648758	920
485.94449775250723	940
485.9782286524492	960
486.08866107009686	980
486.1997034065952	1000
486.2228364997492	1020
486.5966087517852	1040
486.84664967642084	1060
487.00645866616713	1080
487.0858219800178	1100
487.11401968106316	1120
487.4748227832619	1140
487.574921975791	1160
487.60857240075336	1180
487.61882501244963	1200
487.6289224170709	1220
487.9138745946751	1240
488.003688811341	1260
488.0996438162185	1280
488.18773562775283	1300
488.33339627259346	1320
488.39185230525635	1340
488.47037619093675	1360
488.4824749821364	1380
488.51689088776646	1400
488.7409880608838	1420
488.80801154473727	1440
489.05734744970465	1460
489.26091194993654	1480
489.42285585701296	1500
489.43450890824477	1520
489.46135090382455	1540
489.4740328389545	1560
489.6265021706274	1580
489.8447347700646	1600
489.97384773044206	1620
490.0030418570175	1640
490.0897217181497	1660
490.17781805306123	1680
490.1810568552528	1700
490.21549362486974	1720
490.40133146676044	1740
490.50616108091685	1760
490.68831789711453	1780
490.73312132230336	1800
490.8687443828401	1820
490.9773314639131	1840
490.99738506659196	1860
491.4016299384732	1880
491.64342926899025	1900
491.7133310930261	1920
491.86183846030696	1940
491.8648002702775	1960
491.90681169774473	1980
491.99170089071765	2000
492.0251645449997	2000
492.0623522215577	2000
492.15622733236785	2000
492.3115345492071	2000
492.67490622330666	2000
492.6999136690446	2000
492.70457970253335	2000
492.7098094075126	2000
492.71399089408317	2000
493.132407538272	2000
493.22146779490043	2000
493.34690749073246	2000
493.64528515589996	2000
493.79488768689487	2000
493.8882099648476	2000
494.1259454390797	2000
494.18850278984206	2000
494.2502110189928	2000
494.3711910448738	2000
494.38734955720514	2000
494.3928595552378	2000
494.50920034372547	2000
494.51511558834295	2000
494.5370415647179	2000
494.68791618429105	2000
494.7005124294097	2000
494.7835873637783	2000
495.0127123743394	2000
495.0133400020249	2000
495.21731540548564	2000
495.2442095067863	2000
495.27062632818416	2000
495.44553415444227	2000
495.517712291744	2000
495.8369168809651	2000
495.93118452458845	2000
496.02598965881793	2000
496.15543900301446	2000
496.240963043041	2000
496.3332754406418	2000
496.4789302018516	2000
496.65617388452813	2000
496.7560867346918	2000
496.8522488081217	2000
496.93996297405306	2000
497.04577702006236	2000
497.05298492022337	2000
497.0755415932351	2000
497.11061928109837	2000
497.44636402044586	2000
498.0763623351094	2000
498.18563102337544	2000
498.247893640297	2000
498.30793069895	2000
498.3338027211478	2000
498.378641840388	2000
498.44080415404807	2000
498.4435620608377	2000
498.4756807814248	2000
498.5061695098029	2000
498.5397456792245	2000
498.54415357323643	2000
498.6178218185087	2000
498.635143445235	2000
498.85489040066096	2000
498.902186663143	2000
499.33166755286106	2000
499.4494371100176	2000
499.49699331603813	2000
499.56636775595695	2000
499.73403605808363	2000
499.7706426344691	2000
499.83762779659077	2000
499.91387018913514	2000
499.95930892209566	2000
500.0349058580479	2000
