time(seconds)	aggragete Attack(Mbps)
0.16235762943718604	20
0.35727873428317386	40
0.5730459485753756	60
0.6432883604099776	80
0.6504166001378031	100
0.8707854569810729	120
0.929508724793552	140
1.4400599359983879	160
1.4843831242625696	180
1.5043979944480008	200
1.668617502546416	220
1.6731893428578681	240
1.8201365307079538	260
1.9521205248316749	280
2.291858983870682	300
2.3391408123040427	320
2.3556973468498104	340
2.4296877188195602	360
2.4678880956537146	380
2.6089908448911996	400
2.610762968900922	420
2.6464959356955124	440
2.7572241493179295	460
2.904310257430205	480
2.9106771582345785	500
3.061375083863804	520
3.251529363213057	540
3.2532139405819	560
3.2746888531816896	580
3.3882926812378686	600
3.4604801796285103	620
3.4929800224815173	640
3.5513236664564247	660
3.5619262493656962	680
3.9751111828129337	700
4.307792828959132	720
4.324620242492196	740
4.39735801027659	760
4.450345937718332	780
4.564274440769344	800
4.612267469216995	820
4.743154164182912	840
4.88561560177982	860
4.929561910213994	880
4.952760676083633	900
5.080106613481747	920
5.113968352628573	940
5.227283872163301	960
5.258166700787641	980
5.319630599649957	1000
5.380777451937848	1020
5.840538878154788	1040
5.860731802409512	1060
5.9900478254187215	1080
6.072682977476639	1100
6.073624790958081	1120
6.172938915894384	1140
6.206562815733909	1160
6.2161268379936	1180
6.237920250506648	1200
6.330595248469233	1220
6.725037777378945	1240
6.791365181312756	1260
7.21744675097813	1280
7.241570782813431	1300
7.291101771501103	1320
7.430600911754401	1340
7.58329487502096	1360
7.759296140557646	1380
7.793238294547925	1400
8.079716955253149	1420
8.162169655030027	1440
8.745876083466868	1460
8.988526477983203	1480
9.050791091802203	1500
9.209718343434181	1520
9.210301234505375	1540
9.215206763518466	1560
9.298622463908098	1580
9.445451217750103	1600
9.588968808642285	1620
9.774306557028574	1640
9.954905604963633	1660
10.218417255259642	1680
10.366078743658571	1700
10.401678287495688	1720
10.696352679354835	1740
10.876901264024056	1760
10.928020768140621	1780
11.13412950043636	1800
11.155818929851947	1820
11.17580938088784	1840
11.187803394106671	1860
11.340535992263781	1880
11.520060506800569	1900
11.578796778819703	1920
11.70684440134962	1940
11.742078405090794	1960
11.794476083690528	1980
11.79765634608522	2000
11.899607197021806	2000
12.062999574583632	2000
12.069773952224292	2000
12.242954484768793	2000
12.385616069635951	2000
12.54491349882333	2000
12.56365047467487	2000
12.569842756486558	2000
12.731220600322015	2000
13.027243810339282	2000
13.132881077900194	2000
13.14290572604143	2000
13.45223927091478	2000
13.5646193152128	2000
13.579911545357124	2000
13.645286986186248	2000
13.647441062231945	2000
14.065269810663947	2000
14.213579607762155	2000
14.301420057994598	2000
14.321511249762558	2000
14.67129051197156	2000
15.122000368802638	2000
15.162035778154742	2000
15.25266320965685	2000
15.41487325189202	2000
15.515117939583906	2000
15.548451836288047	2000
15.84074211318166	2000
15.971577117250543	2000
16.518923722379444	2000
16.543068277575887	2000
16.689115176786682	2000
16.871824186599785	2000
16.892144543095224	2000
16.92420407432495	2000
16.986344052247727	2000
17.162184785847028	2000
17.541094246141554	2000
17.642594760941062	2000
17.671607841542283	2000
17.853760850887113	2000
17.948890184648565	2000
17.97728154222033	2000
18.203592959410194	2000
18.2187427904844	2000
18.328506646153055	2000
18.388347066469596	2000
18.54169782045889	2000
18.67815761735705	2000
18.68352071345074	2000
18.689985046657835	2000
18.739019909070823	2000
19.252832301484787	2000
19.68255643114246	2000
19.723571547727836	2000
19.80399284424213	2000
19.94050510815935	2000
19.963681520459083	2000
19.978693407338305	2000
20.08009256662894	2000
20.413206066172823	2000
20.471557323272222	2000
20.759554955384992	2000
20.77768439679102	2000
21.1320679390523	2000
21.1503877692829	2000
21.206574736625697	2000
21.235236226455726	2000
21.265482559501386	2000
21.343806535493222	2000
21.806817805351333	2000
21.832063190179035	2000
21.840856813489385	2000
21.89850500017837	2000
21.937646045202104	2000
22.020368620464964	2000
22.19890557890669	2000
22.29705099974512	2000
22.34486580544582	2000
22.394502972927715	2000
22.416151989021873	2000
22.46745224330458	2000
22.469580081564366	2000
22.536250557063074	2000
22.542431880281313	2000
22.70883811582878	2000
22.719378320388955	2000
22.75073778545492	2000
22.83128971489699	2000
22.92777133197532	2000
22.940317442436207	2000
23.079871312447867	2000
23.185137449724515	2000
23.27753440924991	2000
23.30511102919591	2000
23.439776360492658	2000
23.568726582685567	2000
23.663848455107498	2000
23.732467671939045	2000
24.11187581189939	2000
24.348864846257975	2000
24.379402366622642	2000
24.87900357513454	2000
24.920287840226468	2000
25.099712233024132	2000
25.11723094923037	2000
25.15794445298322	2000
25.255456270799325	2000
25.295962598754745	2000
25.32912030050412	2000
25.516023539446067	2000
25.819095093177832	2000
25.9103945524328	2000
25.911245733183637	2000
26.148363740649767	2000
26.190113940383124	2000
26.2638947603543	2000
26.306469496138195	2000
26.3776306995048	2000
26.42093187911502	2000
26.49721444061055	2000
26.549819208473117	2000
26.734627398991293	2000
26.88893358264827	2000
26.904452332049463	2000
27.01005875835464	2000
27.0764457969767	2000
27.16389624916119	2000
27.243842193547035	2000
27.41825001854715	2000
27.435009183195184	2000
27.598311992610565	2000
27.602294500088814	2000
27.627130507519933	2000
27.74608189803363	2000
27.749150389102688	2000
28.073975660834453	2000
28.077828361819776	2000
28.161292393136613	2000
28.185458282526856	2000
28.283319793009877	2000
28.51689105915203	2000
28.829065841344008	2000
29.086997721968217	2000
29.12177259840637	2000
29.176302167921843	2000
29.40963327025003	2000
30.41121371549929	2000
30.517497952206615	2000
30.61963839972069	2000
30.622666197574738	2000
30.821967969597587	2000
31.159548850095767	2000
31.243977000543268	2000
31.335531492206112	2000
31.571206148505606	2000
31.64956889849706	2000
31.71378223947393	2000
31.800062745885608	2000
31.87940116871827	2000
31.952889463757842	2000
32.16894679956212	2000
32.19158993310137	2000
32.58252348843557	2000
32.585513029217786	2000
32.598601684647214	2000
32.633490856976664	2000
33.091334534900575	2000
33.19399345917919	2000
33.266049471161075	2000
33.319637074391814	2000
33.55003350074039	2000
33.550519880068144	2000
33.60294765250536	2000
33.69166743496107	2000
33.9127090379001	2000
33.958188483506596	2000
34.0118186005518	2000
34.1377478157675	2000
34.32854373733581	2000
34.81784469566925	2000
34.82840380214962	2000
34.84528446328272	2000
35.133166053985356	2000
35.182877382165415	2000
35.23821717049143	2000
35.40119413759096	2000
35.675992050436335	2000
35.714263553950325	2000
35.88700694725316	2000
36.17263204073693	2000
36.26811038303995	2000
36.30966630729786	2000
36.84866668281128	2000
36.90774104045119	2000
36.98333504597402	2000
36.98334992847053	2000
37.14929624406116	2000
37.19425893276206	2000
37.34198625033341	2000
37.56699026435162	2000
37.57386092917762	2000
37.59696448467761	2000
37.61215559710031	2000
37.726070618485615	2000
37.7715622939092	2000
37.85083037882494	2000
38.03638420559994	2000
38.13074095821188	2000
38.23736590140616	2000
38.3381842379419	2000
38.40669356712185	2000
38.44832062202372	2000
38.67094238606671	2000
38.73602188195346	2000
38.89911229670866	2000
38.96797308643063	2000
39.059493918031	2000
39.06153920159128	2000
39.41226667642451	2000
39.6367485699597	2000
39.751893117949614	2000
39.82909533191829	2000
40.066443451905414	2000
40.20328714384802	2000
40.291634299572316	2000
40.466462991096975	2000
40.51065731148996	2000
40.513532750825384	2000
41.03824798128796	2000
41.102673755924656	2000
41.29268691122775	2000
41.47964847835364	2000
41.55941298889	2000
41.78618533262664	2000
42.11742400610157	2000
42.17312456157831	2000
42.19418622847001	2000
42.389890942514924	2000
42.42417439019189	2000
42.46607175056264	2000
42.48555414815446	2000
42.52314356206586	2000
42.60959273758433	2000
42.615851351120206	2000
42.87517877821157	2000
43.026887716240154	2000
43.22794228884429	2000
43.352393000237896	2000
43.53778347972771	2000
43.70937632571426	2000
43.79831006969598	2000
43.85818061329877	2000
44.0682684552089	2000
44.375702027682465	2000
44.40029460762435	2000
44.41505895236814	2000
44.54974104414514	2000
44.61781476457691	2000
44.926815104264115	2000
45.06827867952549	2000
45.1501904846686	2000
45.1976920657031	2000
45.35741141939139	2000
45.47785330296445	2000
45.49262506980324	2000
45.50218794491085	2000
45.62522357500766	2000
45.642223074684615	2000
45.94173423224509	2000
46.096560418901845	2000
46.1062991412054	2000
46.17360932905175	2000
46.329639888720685	2000
46.39135994301851	2000
46.4902730334986	2000
46.49116945847333	2000
46.52722880864292	2000
46.69683980127537	2000
46.841955031126105	2000
46.95773677338351	2000
47.27624184900016	2000
47.836740986495464	2000
47.96103764908592	2000
47.994511044605915	2000
48.020457916509656	2000
48.04531378460219	2000
48.33309320633725	2000
48.36144579263392	2000
48.855079541520354	2000
49.02662890345446	2000
49.13759554041221	2000
49.19912848834245	2000
49.36510943327989	2000
49.6942340019285	2000
49.76027261462689	2000
49.83921081759021	2000
49.98202615314269	2000
50.105644868511206	2000
50.192716994029524	2000
50.28992735824911	2000
51.168633662645604	2000
51.4715499860288	2000
51.73687278206412	2000
51.745983711530535	2000
51.82166435052258	2000
52.05997901540445	2000
52.09341346610251	2000
52.3987631950794	2000
52.56961493156532	2000
52.5954048870725	2000
52.70506546513233	2000
52.87616180035823	2000
52.99730776914365	2000
53.02596225453659	2000
53.23990857043276	2000
53.35862775872982	2000
53.394914694601795	2000
53.40141384856017	2000
53.471369186072366	2000
53.57690144989171	2000
53.67515001721642	2000
53.73867783246654	2000
53.853264594782395	2000
54.04962038866253	2000
54.29786721597526	2000
54.8163499409605	2000
54.90337174598991	2000
54.92222677479243	2000
55.01231608611317	2000
55.02080348073396	2000
55.15245843090615	2000
55.24555967988454	2000
55.25627924518721	2000
55.375495332234095	2000
55.37966791914718	2000
55.42584974075124	2000
55.62176416543034	2000
55.63174322171121	2000
55.72289795914049	2000
55.79937469281228	2000
55.83479663183818	2000
55.92282240374482	2000
56.007124782014216	2000
56.08273087190493	2000
56.164506125815066	2000
56.39922073723886	2000
56.4457694146694	2000
56.825665782150566	2000
56.839070087233615	2000
56.931703375365835	2000
56.93905517249945	2000
57.01120157435705	2000
57.42106321323307	2000
57.556822992159	2000
57.58361867416682	2000
57.65365872887078	2000
57.76134606191556	2000
57.88093474837048	2000
57.973898557535506	2000
58.00741093409214	2000
58.06951098850179	2000
58.08708097731853	2000
58.30942768282309	2000
58.407608245381105	2000
58.69709042892062	2000
58.76662123761559	2000
58.841683642048736	2000
58.86812054134369	2000
59.06377301568582	2000
59.113426861823555	2000
59.18295903220575	2000
59.646952240376315	2000
59.85838834409244	2000
60.03265969526118	2000
60.094322380895576	2000
60.113083760840176	2000
60.256786763132204	2000
60.321907005197026	2000
60.47291105277682	2000
60.66791172401515	2000
60.743845107167175	2000
60.77093375869085	2000
60.942012513250226	2000
61.05216806469908	2000
61.11813207335389	2000
61.124205029265866	2000
61.16891844221536	2000
61.55508863421772	2000
61.55752345488077	2000
61.614679611080724	2000
61.79481907876992	2000
62.13548302700523	2000
62.312631626967374	2000
62.48852527722318	2000
62.55362519866563	2000
62.785324861244604	2000
62.85059051842985	2000
63.02250720535523	2000
63.06955305785833	2000
63.09759073484878	2000
63.10563528115617	2000
63.124851424087346	2000
63.29744026396095	2000
63.3531390464939	2000
63.58875011713841	2000
63.665128617325465	2000
64.04070083243697	2000
64.14407909906232	2000
64.67810233925954	2000
64.78379211242397	2000
65.06065108989407	2000
65.21042379611805	2000
65.22175276721198	2000
65.36231375142339	2000
65.56807018565908	2000
65.64707396682046	2000
65.70698225722795	2000
65.74498622107882	2000
65.8497553994271	2000
66.11085747229706	2000
66.21345785577691	2000
66.35946346460163	2000
66.42038444863813	2000
66.8428922321126	2000
66.93243762553237	2000
67.18528092855632	2000
67.63390307626729	2000
67.66355564208668	2000
67.76383137472504	2000
67.98592319144991	2000
67.9968028685424	2000
68.03401366984791	2000
68.0672131284785	2000
68.44563033612972	2000
68.98459924959649	2000
69.03143908657394	2000
69.19063662849794	2000
69.33236086216638	2000
69.39971240260932	2000
69.41020589145953	2000
69.46688772660141	2000
69.52600054232626	2000
69.64580625796903	2000
69.79627895384017	2000
69.91065955821561	2000
69.9125363007791	2000
70.06514713410176	2000
70.11842865170814	2000
70.15433231474226	2000
70.32047410337144	2000
70.35535751814753	2000
70.40391989088154	2000
70.40581494828507	2000
70.46494579757372	2000
70.57441271271813	2000
70.83287219668688	2000
70.88813298090407	2000
71.04676686915303	2000
71.33235471018322	2000
71.38151949850631	2000
71.43140408583734	2000
71.50516655760825	2000
71.60960332446108	2000
71.74963958690586	2000
71.93120629637092	2000
71.93232988109077	2000
71.99349145786694	2000
72.0240817031953	2000
72.19661963726597	2000
72.43485101647511	2000
72.68957264185495	2000
72.74895611723147	2000
72.78922349044831	2000
73.23351484172477	2000
73.23537716530356	2000
73.24606130412266	2000
73.26260004868895	2000
73.269651351136	2000
73.43772715171013	2000
73.44606220298877	2000
73.46271136270973	2000
73.65307340768706	2000
73.68423027037919	2000
73.68424475061894	2000
73.78346718214095	2000
74.16089552926886	2000
74.35043870083825	2000
74.45444388252133	2000
74.49251574141483	2000
74.5432828172026	2000
74.54414386207975	2000
74.57584141531389	2000
74.64613243606833	2000
74.8174515097327	2000
75.44312542812276	2000
75.51641128673606	2000
75.66416329290394	2000
75.78094803834033	2000
75.7873270734719	2000
75.8560437680687	2000
75.86360752320304	2000
75.86975863586699	2000
75.90892940747631	2000
76.52134003071522	2000
76.59738887446295	2000
76.63632115672024	2000
76.64942622241723	2000
77.22865477625592	2000
77.8239167523548	2000
77.94461300742812	2000
78.00221654039252	2000
78.01137688323524	2000
78.02615702635173	2000
78.18590457643614	2000
78.63555446900162	2000
78.80685662796384	2000
78.89290027140426	2000
79.07913048748306	2000
79.20063371963306	2000
79.35140406629183	2000
79.42148938719026	2000
79.45326994124488	2000
79.51134753798043	2000
79.7622689331105	2000
79.79517642937289	2000
79.84496834190351	2000
79.90999732825259	2000
79.91283168359563	2000
79.97508945282104	2000
80.13105940520057	2000
80.24681648158065	2000
80.58345838820914	2000
80.62825197945976	2000
80.74006030790983	2000
80.8118124310544	2000
80.82038164911671	2000
80.8774795947312	2000
80.90625469388267	2000
80.92260377723404	2000
80.93905318180846	2000
80.99042270880376	2000
81.11906791460271	2000
81.15623956670662	2000
81.42120792841607	2000
81.48302170867645	2000
81.56285909651095	2000
81.57683526710285	2000
81.82329130712219	2000
81.97752341367314	2000
82.0206540181	2000
82.04469780837114	2000
82.26620574262753	2000
82.27946592471586	2000
82.39137652322296	2000
82.62093698212958	2000
82.79846796349807	2000
82.88191694087288	2000
82.90678818565738	2000
83.13138679632746	2000
83.4681451091513	2000
83.64549610845624	2000
83.64650847701976	2000
83.74385092838426	2000
83.8852361917602	2000
84.02848026684262	2000
84.0834844070377	2000
84.18888958133705	2000
84.29221180443643	2000
84.39400165348609	2000
84.43101930671955	2000
84.450652419102	2000
84.631039080175	2000
84.71410903439607	2000
84.73351647067763	2000
85.18926177218503	2000
85.33023153728668	2000
85.42490299580915	2000
85.69033922520053	2000
85.81264703835534	2000
85.98959651865006	2000
86.12857917217151	2000
86.13770381729705	2000
86.145531571416	2000
86.32263716341659	2000
86.32945667158904	2000
86.374623565481	2000
86.45301581090608	2000
86.80794934565962	2000
86.82706264622139	2000
86.93773422976486	2000
86.96157665513455	2000
87.06060390725953	2000
87.07347703825693	2000
87.14204333758049	2000
87.6430377205989	2000
87.73920542518958	2000
87.77301574600754	2000
87.83624555008717	2000
87.97829049333438	2000
88.01399315474873	2000
88.04690070184508	2000
88.26275189562618	2000
88.26616778067276	2000
88.29523767567369	2000
88.33259275289893	2000
88.53160965606503	2000
88.54023334251319	2000
88.57730035753539	2000
88.58116740895393	2000
88.64094247814529	2000
88.68367748941392	2000
89.0784657627261	2000
89.12186418847458	2000
89.12900063075887	2000
89.27240369491972	2000
89.293337532673	2000
89.3179206428387	2000
89.66270243803294	2000
89.68630338080843	2000
89.69771124404275	2000
89.71474708137607	2000
89.89930098744802	2000
89.92791002651225	2000
89.94684764646908	2000
90.20884921369317	2000
90.3047575438257	2000
90.56690967398596	2000
90.98337746131102	2000
91.10010987440704	2000
91.15537285691894	2000
91.49392336126357	2000
91.5845181142861	2000
91.6326304031904	2000
91.66719902380383	2000
91.71232421896947	2000
91.80130813940742	2000
92.08790461228924	2000
92.29445856488248	2000
92.42696949857287	2000
92.7120559232057	2000
92.83539017233461	2000
92.84225991292593	2000
93.07563514849299	2000
93.31367135654264	2000
93.42296529407811	2000
93.52771216145162	2000
93.5309684995096	2000
93.74088965242075	2000
94.30895771875062	2000
94.75113273516814	2000
94.81681692219512	2000
95.08463126685096	2000
95.1247455036403	2000
95.16529794218971	2000
95.25931004672748	2000
95.4505462171264	2000
95.45436409688551	2000
95.84372003586253	2000
96.11291427862497	2000
96.1426631755772	2000
96.16839308802464	2000
96.19845824848973	2000
96.44402388755591	2000
96.55561621636903	2000
96.6985920107282	2000
96.88095783813364	2000
96.96169393808916	2000
97.0070811620505	2000
97.55644776526994	2000
97.58769730689218	2000
97.97139877409954	2000
97.9906594527245	2000
98.23899754898942	2000
98.49426174446928	2000
98.50793003696687	2000
98.68806489979616	2000
98.7282471960525	2000
98.73319525610881	2000
98.81438831571057	2000
98.88367851483706	2000
99.13565873620307	2000
99.86654681626146	2000
99.9627212329073	2000
100.127454644225	2000
100.15718097773549	2000
100.33628176957612	2000
100.71057199009843	2000
100.89384197234614	2000
100.96606433177264	2000
101.04054688313457	2000
101.04831622036541	2000
101.17207299651378	2000
101.2533548394904	2000
101.29378266263782	2000
101.36052496349508	2000
101.5391093291618	2000
102.03155579586	2000
102.11218905499585	2000
102.14802995749135	2000
102.15089424388093	2000
102.24340874103427	2000
102.34749382583081	2000
102.6293152075697	2000
102.70266285901208	2000
102.70448434757182	2000
102.80194936143788	2000
102.80418041962321	2000
102.80760711324677	2000
102.80938392990974	2000
102.852759447403	2000
102.93616614369681	2000
103.05388701343486	2000
103.05443707510436	2000
103.18925076338442	2000
103.40042708462406	2000
103.40460014579105	2000
103.62914000662374	2000
104.08681161179726	2000
104.12806603239856	2000
104.21397880990102	2000
104.24434465995354	2000
104.34553708900677	2000
104.4725900229561	2000
104.50364697473888	2000
104.67091168518743	2000
104.73048111993953	2000
104.89898805910474	2000
104.99090052367762	2000
105.00126149139706	2000
105.09997479187238	2000
105.15873677059265	2000
105.27718404457454	2000
105.33904756305589	2000
105.59929239538288	2000
105.60347150252962	2000
105.61258030281464	2000
105.61361791282516	2000
105.63964754151566	2000
105.66393347502057	2000
105.72543459664676	2000
106.0486937135252	2000
106.3767584393146	2000
106.38997004350995	2000
106.52471285300076	2000
106.71252815371905	2000
106.77397025104442	2000
106.92407363727288	2000
107.20197414148156	2000
107.24506796586603	2000
107.63941222125649	2000
107.78755081192494	2000
107.79153909463291	2000
107.80048265241969	2000
107.80671351559265	2000
107.92996589723306	2000
108.01818786000516	2000
108.07086470024949	2000
108.08712469251836	2000
108.10489384472373	2000
108.26580569766648	2000
108.35001509967607	2000
108.35689601261714	2000
108.381444774165	2000
108.40808320732121	2000
108.41295815192063	2000
108.42392100269288	2000
108.46376448704625	2000
108.47462268006907	2000
108.5365769430208	2000
108.84179841829592	2000
109.02552448490029	2000
109.16115558880814	2000
109.18199508701996	2000
109.25415032984371	2000
109.30868628752258	2000
109.40800398243492	2000
109.49412454996019	2000
109.55896440190956	2000
109.67118387836443	2000
109.84179715469139	2000
109.96617819396009	2000
109.97756335141037	2000
110.00947944781254	2000
110.15498218680654	2000
110.24603863919776	2000
110.25091808351958	2000
110.40843893345065	2000
110.47026106704499	2000
110.47405579805111	2000
110.57447066183137	2000
110.98254294919218	2000
111.16493151720108	2000
111.21489189030345	2000
111.35329694510813	2000
111.59131214090263	2000
111.84402503407088	2000
111.95466030258223	2000
112.1027877445167	2000
112.58865541169881	2000
112.6207049485014	2000
112.72176696707098	2000
112.76795037942821	2000
112.87197037275699	2000
112.89204505920274	2000
112.94507833827154	2000
113.03696486472617	2000
113.50729132265306	2000
113.52685531035432	2000
113.59341002678667	2000
113.6074663219115	2000
113.81211413034983	2000
113.85989663537505	2000
114.1080390930719	2000
114.11261031758953	2000
114.37515200300699	2000
114.56862007456586	2000
114.77728880722898	2000
114.81717654663942	2000
114.8454963216298	2000
115.18262452690706	2000
115.19295669722187	2000
115.31508194965473	2000
115.48606802142874	2000
115.84667085637496	2000
116.09727443333004	2000
116.17043871448021	2000
116.39863897749814	2000
116.45356410431127	2000
116.59003590222153	2000
116.78481689791619	2000
116.82590869460441	2000
116.83919693578567	2000
117.00772098120146	2000
117.09711608948236	2000
117.18604927290333	2000
117.32620740723591	2000
117.38447376578057	2000
117.47575425430972	2000
117.49579423188821	2000
117.76827182277935	2000
117.77248790504625	2000
117.8118841311541	2000
117.82480148811788	2000
117.91184567498632	2000
118.08188532994957	2000
118.3208126503099	2000
118.47623447420975	2000
118.96653482467903	2000
119.20579269317952	2000
119.50700315814223	2000
119.55676309168174	2000
119.76570775564066	2000
119.88519194306136	2000
120.02233926661242	2000
120.04563211783297	2000
120.06927021355469	2000
120.20959901627874	2000
120.24548630105373	2000
120.28876244131406	2000
120.37256577351516	2000
120.46024304651202	2000
120.8086291166839	2000
120.81292940783517	2000
120.91723726118958	2000
120.932792287662	2000
121.06246994425703	2000
121.07407358680722	2000
121.09226555174668	2000
121.34207467905462	2000
121.53264270699881	2000
121.54878708113996	2000
121.5612582517608	2000
121.67721367821929	2000
121.84293798180092	2000
121.88018578159303	2000
121.91833655306803	2000
121.94262182948668	2000
122.4741603775265	2000
122.69039630836649	2000
122.82098765489198	2000
122.96048277977364	2000
123.0177371003048	2000
123.02123365366907	2000
123.20062084636791	2000
123.22743227421789	2000
123.50404656205552	2000
123.77953182440785	2000
123.81071062123327	2000
123.8550277482434	2000
123.86040744831362	2000
124.07483201655926	2000
124.1158087674046	2000
124.13336432463048	2000
124.46886186997763	2000
124.47309100529162	2000
124.5296565963954	2000
124.61480961743987	2000
124.66723080586202	2000
124.75106612949095	2000
124.76141168009231	2000
124.84982514225604	2000
124.90824016353228	2000
125.00262447387071	2000
125.2901304309327	2000
125.36805745641611	2000
126.22119846968542	2000
126.68785525227702	2000
126.70545907621063	2000
126.83567145656266	2000
127.07033126716013	2000
127.46452148745577	2000
127.5171809472896	2000
127.53834376757	2000
127.59979090214097	2000
127.60422971227881	2000
127.75985569256336	2000
127.76841374141239	2000
127.8420171918894	2000
127.87039088481635	2000
128.0484403430518	2000
128.05722755707822	2000
128.05904180066588	2000
128.1183150807078	2000
128.27013581941011	2000
128.31784073837244	2000
128.36025180373926	2000
128.368335624124	2000
128.38465875274028	2000
128.4101371368159	2000
128.45802290056344	2000
128.69529139089516	2000
128.74296501508834	2000
128.8049596813154	2000
128.83507699677486	2000
128.92807943974995	2000
128.94770866399242	2000
129.0077375153929	2000
129.17013249873855	2000
129.173658275382	2000
129.17896766317497	2000
129.40630379732787	2000
129.4717431835928	2000
129.49459185331582	2000
129.59257177154632	2000
129.59932894224633	2000
129.61039474860937	2000
129.8541338930146	2000
129.97470829742102	2000
129.97697572081034	2000
130.31708840432592	2000
130.43156953316387	2000
130.46264722778102	2000
131.21147654164037	2000
131.3186718273028	2000
131.32612343716855	2000
131.4853916780504	2000
131.79457750212475	2000
131.80190642212656	2000
131.8097317810033	2000
131.97223555896684	2000
132.13576176047812	2000
132.34029489304018	2000
132.5413406444712	2000
132.71646907473678	2000
132.90413373900066	2000
132.94620187810048	2000
132.96360756960033	2000
133.019795623471	2000
133.64062079158452	2000
133.65566146417535	2000
133.81000252308834	2000
133.86210598671636	2000
133.8710903100574	2000
133.91986929748694	2000
133.95199528580903	2000
134.26908742805006	2000
134.45959321796727	2000
134.833773728875	2000
135.03028221564935	2000
135.15754204087924	2000
135.283794877283	2000
135.3083438704615	2000
135.3754598185757	2000
135.5727775396921	2000
135.70097950773612	2000
135.84921942250398	2000
135.88091408765288	2000
136.03142367206462	2000
136.04046179425714	2000
136.14525788279988	2000
136.23686132651724	2000
136.27123245731218	2000
136.41170396170926	2000
136.4149317094025	2000
136.77234899101893	2000
136.77929110333747	2000
136.84103318058806	2000
136.88179585307674	2000
136.91507314050594	2000
137.03825722589121	2000
137.05407016579233	2000
137.09022835256044	2000
137.4581834230957	2000
137.65513997884926	2000
137.72306253119203	2000
137.89572848540837	2000
137.95676100430225	2000
138.02607964872226	2000
138.21174093971183	2000
138.31084051676342	2000
138.3151156391094	2000
138.46588897376677	2000
138.56380640540422	2000
138.62565651799136	2000
138.76875274387658	2000
138.77185260514375	2000
138.87309616167565	2000
138.9275060627094	2000
138.98939294840162	2000
139.19782941768932	2000
139.5186732289834	2000
139.5415782055472	2000
139.63960278510189	2000
139.95241092123595	2000
140.26401801484232	2000
140.37640128246744	2000
140.39684120984043	2000
140.57216667637758	2000
140.80995102247874	2000
140.93641641074703	2000
141.10307352668858	2000
141.18593305551897	2000
141.24004916363347	2000
141.2682073566069	2000
141.31397387721756	2000
141.39541153416485	2000
141.67246592839874	2000
141.68459113491647	2000
141.69630107407383	2000
142.1486775687758	2000
142.16172471005672	2000
142.21309730307826	2000
142.3128171477778	2000
142.36509649793499	2000
142.38813127867456	2000
142.42192061035297	2000
142.52251750506915	2000
142.71928605867635	2000
142.89824243198223	2000
142.9221837509683	2000
143.0924930725881	2000
143.32285195274773	2000
143.40885619242533	2000
143.4437543867379	2000
143.47136336010936	2000
143.7776449135569	2000
143.78064542230481	2000
143.83276111990472	2000
143.89774206930977	2000
144.17120697916238	2000
144.1860433280248	2000
144.57574185794556	2000
144.60655124234745	2000
145.1155591225622	2000
145.16742743345355	2000
145.18880706636588	2000
145.49650329146147	2000
145.75013326825103	2000
145.82267086718886	2000
145.82571758623106	2000
146.10636033629928	2000
146.22580477315833	2000
146.5434795930389	2000
146.93086288541136	2000
147.37925885152393	2000
147.389828384451	2000
147.43767379602758	2000
147.4676381338424	2000
147.66550653393546	2000
147.79537146268592	2000
148.01103786134075	2000
148.14951743627182	2000
148.15082183999996	2000
148.27981205486498	2000
148.3728815378692	2000
148.85603081886333	2000
148.85913786930564	2000
148.94814623299533	2000
149.0307532573634	2000
149.19752773184769	2000
149.23780198279087	2000
149.2571418459327	2000
149.35432189917444	2000
149.47786989541854	2000
149.54169626055906	2000
149.87293549640424	2000
150.04065133705157	2000
150.43797735556734	2000
150.47115635607312	2000
151.05934312687936	2000
151.0803420444658	2000
151.14078182991395	2000
151.14157168806346	2000
151.26001228951478	2000
151.30045222342312	2000
151.3298428447394	2000
151.41603809481936	2000
151.66480708785738	2000
151.66956409693088	2000
151.7094460153642	2000
151.78091000146645	2000
152.26868984505091	2000
152.49868961172461	2000
152.88457304932513	2000
153.22699589575365	2000
153.2345816306295	2000
153.23527678001784	2000
153.26577489334437	2000
153.38302401433765	2000
153.96976191903929	2000
154.01328310226236	2000
154.4618705002814	2000
154.57545800973287	2000
154.62719051584855	2000
154.81347112148788	2000
154.81609155055335	2000
154.94170347012863	2000
154.970288519523	2000
155.1157141384212	2000
155.23570235842183	2000
155.9761638971763	2000
156.20275934035791	2000
156.26561906892206	2000
156.34113597461263	2000
156.3671912329071	2000
156.3889959164372	2000
156.49086756651974	2000
156.49945879733974	2000
156.60852932134566	2000
156.98252135385877	2000
157.0877106057504	2000
157.11608451647518	2000
157.2023965561691	2000
157.26174449562427	2000
157.29611973441268	2000
157.52566712495207	2000
157.54005687586442	2000
157.61806127806412	2000
157.9118503151294	2000
157.94811379126668	2000
157.99657687332993	2000
158.02116786054998	2000
158.31402288962852	2000
158.39233847010058	2000
158.53549821623082	2000
158.68060922319864	2000
158.68585576789815	2000
158.71685689249162	2000
158.99699372290013	2000
159.07618692206017	2000
159.27254152146756	2000
159.39407007602236	2000
159.42946259413645	2000
159.78332786382708	2000
159.79770788832354	2000
160.1120484058381	2000
160.4412956432943	2000
160.56653175855237	2000
160.5793914419962	2000
160.63788386965027	2000
160.8613694061541	2000
161.26478514359943	2000
161.3621387934491	2000
161.46313648403915	2000
161.58603554072852	2000
161.67939728787107	2000
161.76032559008198	2000
161.89852166712993	2000
161.9130555570854	2000
162.02953231860045	2000
162.08168157457874	2000
162.1314090022241	2000
162.14788639052043	2000
162.66517290504405	2000
162.9103119511004	2000
163.1009551131076	2000
163.12372690805293	2000
163.1528205804692	2000
163.15672038085395	2000
163.19734263627996	2000
163.21671417551255	2000
163.29515397523502	2000
163.36065103213636	2000
163.43913293762097	2000
163.44869704480135	2000
163.454520135473	2000
163.4610971506312	2000
163.5464575459911	2000
163.62433886294505	2000
163.96688020954653	2000
164.1072470195323	2000
164.18581092681998	2000
164.27270847059947	2000
164.405420892314	2000
164.5161414876909	2000
164.62116479033713	2000
164.67652549087367	2000
164.96501294557495	2000
165.32818412017014	2000
165.34309088378615	2000
165.38976273172955	2000
165.40779339930904	2000
165.45519292690452	2000
165.54770413441497	2000
165.5707044677171	2000
165.6525700232305	2000
165.86263573231017	2000
166.00241053085622	2000
166.11948682908854	2000
166.12140323432885	2000
166.17199585510608	2000
166.29342500921257	2000
166.32041535846176	2000
166.3973160841936	2000
166.53078308147326	2000
166.78154937866822	2000
166.87939630958556	2000
166.9812584045022	2000
167.08180800329131	2000
167.08249974321302	2000
167.18662133847715	2000
167.25149996127107	2000
167.2736660238687	2000
167.39543180594637	2000
167.73863007090074	2000
167.7967655672323	2000
167.88544059036693	2000
168.0289341267223	2000
168.24879719547525	2000
168.37208462769317	2000
168.61789331377364	2000
168.64974109177263	2000
168.91686779128327	2000
168.9795823666711	2000
169.10451950495843	2000
169.10786758019498	2000
169.17500471905396	2000
169.1848898053632	2000
169.42660385034694	2000
169.64570186332588	2000
169.82607708365597	2000
169.90839964820321	2000
170.1598820796523	2000
170.38816712305626	2000
170.66834192316554	2000
170.7760166346443	2000
170.79763298399598	2000
170.94710055154428	2000
170.99312493124356	2000
171.02453992072194	2000
171.03546220120955	2000
171.21917897188183	2000
171.32205676473248	2000
171.38917424303867	2000
171.5498211981088	2000
171.69544993073774	2000
171.78216565265217	2000
171.80629979463862	2000
171.81516402990835	2000
171.88362700749897	2000
171.92387584710772	2000
172.0395320693673	2000
172.16989387129138	2000
172.23354403801304	2000
172.3415052562733	2000
172.4244262607842	2000
172.52645708359051	2000
172.65258844690405	2000
172.73991339947287	2000
172.98816427713172	2000
172.99327318783946	2000
173.0127387604471	2000
173.04405866647474	2000
173.12543837751608	2000
173.3212473283518	2000
173.37365241570654	2000
173.421241658564	2000
173.52886241571662	2000
173.69336196526513	2000
173.86961245151403	2000
173.95945793242873	2000
174.12558358991987	2000
174.19071403622982	2000
174.29081523033707	2000
174.2983857737195	2000
174.38856383046112	2000
174.59714113865036	2000
174.6104288416585	2000
174.61524891109502	2000
174.6463999897267	2000
174.69157072589883	2000
174.77722419044096	2000
175.13039384112824	2000
175.21492066665962	2000
175.50451005375723	2000
175.59609969684772	2000
175.74338646086557	2000
175.83781946026883	2000
176.0868731787273	2000
176.1363792172018	2000
176.13898304115497	2000
176.1432048519145	2000
176.43527997481542	2000
176.43832941116295	2000
176.49713535752286	2000
176.50459268185202	2000
176.8076148948434	2000
176.84745274590605	2000
176.98401533160748	2000
177.06402478224845	2000
177.13579095123677	2000
177.198047717363	2000
177.21847548431518	2000
177.34593695612634	2000
177.5486706205124	2000
177.5501726011754	2000
177.70470527672083	2000
177.844631635942	2000
177.84483502980683	2000
177.8505909058698	2000
177.8690722799941	2000
177.92954022764175	2000
178.00057097560514	2000
178.25947844952842	2000
178.30701837440913	2000
178.43781941250765	2000
178.74345312571242	2000
178.74631086288133	2000
178.76761771503644	2000
178.795159127528	2000
178.93631383946257	2000
178.9952758427777	2000
179.38970492729814	2000
179.39971676490558	2000
179.5909896892832	2000
179.7108114041962	2000
179.73209022741767	2000
179.83192697415436	2000
179.8815877913399	2000
180.13598946692304	2000
180.22724640756726	2000
180.33686453411607	2000
180.4402099882456	2000
180.44167622996085	2000
180.55955002629221	2000
181.2723034013842	2000
181.50069840881244	2000
181.55062737527226	2000
181.57592149944466	2000
181.78445820570977	2000
181.94450102933794	2000
182.19252780496024	2000
182.27109404643463	2000
182.312862926312	2000
182.6620429044804	2000
182.86929333419852	2000
183.12080446945603	2000
183.12859880305103	2000
183.65485584849526	2000
183.70190798378482	2000
183.72682434908774	2000
183.83322068401776	2000
183.91194505519448	2000
183.9183469262176	2000
184.00840314399957	2000
184.03975820412776	2000
184.09611916838483	2000
184.25673995066558	2000
184.32037674127167	2000
184.40010233486097	2000
184.41160413980364	2000
184.47785034102	2000
184.6481160175467	2000
185.0635328123083	2000
185.3630642251183	2000
185.427898330147	2000
185.49164549046787	2000
185.5212434540038	2000
185.54032362098388	2000
185.58525023372468	2000
185.63852422369803	2000
185.83022676931176	2000
185.88243925579133	2000
185.92228696065837	2000
186.1876179422159	2000
186.21803034724985	2000
186.26089645654994	2000
186.56759528221784	2000
186.65099309050157	2000
186.85884993821858	2000
186.98041404659972	2000
186.9879144909757	2000
187.0685568403403	2000
187.11403937628626	2000
187.4224826364279	2000
187.65404328607733	2000
187.72434220792115	2000
187.77820934731977	2000
187.95148111906948	2000
188.008678780024	2000
188.04315318142378	2000
188.2534402620045	2000
188.34491661749237	2000
188.39403038301663	2000
188.62876290723977	2000
188.712084959819	2000
188.89332323549132	2000
188.89738710596865	2000
188.91596310999114	2000
188.957761323546	2000
188.9741610194502	2000
189.11623928272326	2000
189.19691272442412	2000
189.4233295436475	2000
189.60438817950163	2000
189.63971265240076	2000
189.9134155952136	2000
189.9886601491047	2000
190.16128658717827	2000
190.41851247230028	2000
190.48194827032268	2000
190.5299370998308	2000
190.59428445395613	2000
190.7291885106502	2000
190.94835391892238	2000
191.00366731665335	2000
191.1813772698176	2000
191.32292152271685	2000
191.41497444519476	2000
191.43335877435678	2000
191.66332792903611	2000
191.71764294136568	2000
192.1329595472429	2000
192.20694345369054	2000
192.24208245763515	2000
192.51730483314535	2000
192.68924136536117	2000
192.7289811118047	2000
192.80595175874947	2000
192.9185784865118	2000
192.92787006256876	2000
193.00792930704856	2000
193.0288809643654	2000
193.5023296224457	2000
193.63834823267845	2000
194.18168689314044	2000
194.31849629705752	2000
194.3222477886351	2000
194.59934801234314	2000
194.91179389514144	2000
194.9239286401417	2000
194.99964770100743	2000
195.21621629547636	2000
195.4834383842366	2000
195.48825269896292	2000
195.67575853155944	2000
195.71983836753765	2000
195.7756698112465	2000
195.81770809759846	2000
195.9581901914537	2000
195.98813182859493	2000
196.1183162060292	2000
196.22287068073382	2000
196.27771697322916	2000
196.3890829219381	2000
196.70145944717189	2000
196.77169868129474	2000
197.1394295860212	2000
197.237899202133	2000
197.64541246269889	2000
197.72989302222905	2000
197.80974449887853	2000
197.98169657202007	2000
198.15915880349746	2000
198.27743153102904	2000
198.2928494239576	2000
198.30142704104946	2000
198.4331682552301	2000
198.62152939963534	2000
198.69103511865526	2000
198.6976826865284	2000
199.32801659708886	2000
199.35329440608916	2000
199.36403829401678	2000
199.70356545767368	2000
199.79753324912025	2000
199.94822505581692	2000
199.9939177752149	2000
200.02420625555212	2000
200.04361789885266	2000
200.1289275125289	2000
200.1295364682713	2000
200.19060277214024	2000
200.19170086457268	2000
200.21495780457096	2000
200.2290491367611	2000
200.37113864986392	2000
200.45763397460524	2000
200.7255937096279	2000
201.0839552756198	2000
201.26115963051146	2000
201.47188426951936	2000
201.56711097405275	2000
201.65574991633807	2000
201.74006114072662	2000
201.79622393343578	2000
201.81591401629046	2000
201.962794607313	2000
201.99910610452878	2000
202.0124797155339	2000
202.11154059722747	2000
202.1289467129026	2000
202.2739806102757	2000
202.36461042667054	2000
202.39058294890927	2000
202.39737650423513	2000
202.67796403737367	2000
203.06492789278073	2000
203.0680621404076	2000
203.27245068385972	2000
203.31651456749904	2000
203.31885557540062	2000
203.35281541824475	2000
203.5769582020322	2000
203.6546085918698	2000
203.8761020902744	2000
203.9120926512928	2000
203.962021297965	2000
203.9888326787423	2000
203.99781838243175	2000
204.21189753322864	2000
204.68856236031468	2000
204.71183791365434	2000
204.9275227680923	2000
204.95311614637782	2000
204.99549561597763	2000
205.06207559948754	2000
205.07563988259807	2000
205.3636277694202	2000
205.76431851074298	2000
205.7740331295056	2000
205.81998286442905	2000
206.059893757465	2000
206.15651146917372	2000
206.28606030275293	2000
206.4580095304987	2000
206.5136432775952	2000
206.5710863597758	2000
206.60417970709557	2000
206.6939087949508	2000
206.75538602593568	2000
206.8851367408909	2000
206.88560929765814	2000
206.89059445105545	2000
207.09320763205397	2000
207.1137072564677	2000
207.23793871995537	2000
207.6171395023895	2000
207.85388089106013	2000
208.10773992380064	2000
208.12594180349905	2000
208.3132905722339	2000
208.84195267096817	2000
208.99799823807962	2000
209.06610015101938	2000
209.31938061569107	2000
209.4086966774668	2000
209.49673980092658	2000
209.5643825189172	2000
209.6062669162899	2000
209.6517180159302	2000
209.81000203102425	2000
209.97545843863287	2000
210.14673942681824	2000
210.4103771598121	2000
210.6325544512881	2000
210.73957068018242	2000
210.75726532395382	2000
211.1933346582463	2000
211.2190564142578	2000
211.41410482500103	2000
211.4271209436083	2000
211.42855722932907	2000
211.4364108921229	2000
211.59418874800065	2000
211.71671420453902	2000
211.74587770414723	2000
211.89628366332082	2000
212.04646174133546	2000
212.05399588958227	2000
212.05977531174057	2000
212.15252870660518	2000
212.1687064064009	2000
212.18532737359791	2000
212.32610440123443	2000
212.5157574706392	2000
212.61348561082855	2000
212.75027325517433	2000
212.86566548334363	2000
212.95593276177624	2000
212.9624511206859	2000
212.96450321406263	2000
213.17627022944725	2000
213.22747203358747	2000
213.39356571118537	2000
213.4692423110082	2000
213.52883652020074	2000
213.53536124300123	2000
213.6615244394861	2000
213.8061549521909	2000
213.8204653358292	2000
214.1815714632829	2000
214.86022255029715	2000
214.86114860636724	2000
214.89702618176955	2000
215.029119077059	2000
215.19075078117064	2000
215.28295558347162	2000
215.65002791964247	2000
215.6873452433997	2000
215.84098220441354	2000
216.00765143354513	2000
216.03250760185216	2000
216.32775550614554	2000
216.44806048289638	2000
216.62218767937873	2000
216.68070509698168	2000
216.78542044153545	2000
216.94461513429783	2000
217.01386767674953	2000
217.170736683481	2000
217.30050010538713	2000
217.37460351287544	2000
217.3781364048344	2000
217.38237169280157	2000
217.39431349352793	2000
217.66500507677137	2000
217.92684998918568	2000
218.28381585979648	2000
218.47720305788056	2000
218.53171184237263	2000
218.55121635912647	2000
218.94764809481842	2000
219.20033982533917	2000
219.22281884376542	2000
219.2375264939472	2000
219.38832107842927	2000
219.40757880247224	2000
219.5887347593629	2000
219.62682427310952	2000
219.73219233495652	2000
219.78802536983696	2000
219.81407381958726	2000
219.87912529744412	2000
219.92566309790476	2000
220.24398365661003	2000
220.5458247912074	2000
220.56791760036677	2000
220.70264692616792	2000
220.93490048383566	2000
220.98070172036694	2000
221.08401188319095	2000
221.10238201538564	2000
221.17675919497944	2000
221.2117795648397	2000
221.41065644017473	2000
221.56228976320935	2000
221.64387191883526	2000
221.65144007901515	2000
221.66386168918848	2000
221.71506028859088	2000
221.87844316972215	2000
221.96961018880006	2000
222.010844673448	2000
222.14586005674153	2000
222.40223163454124	2000
222.4154954529422	2000
222.42747308351014	2000
222.4521116636711	2000
222.53005143927484	2000
222.57069769379765	2000
222.57212853567415	2000
222.5740989748655	2000
222.60534873150237	2000
222.65833471255368	2000
222.67350497567804	2000
222.83466256549633	2000
222.98596519277282	2000
222.9974937018467	2000
223.35833901768711	2000
223.35846120126388	2000
223.49136981779435	2000
224.17280151487128	2000
224.20898541477115	2000
224.2127212369218	2000
224.43740605406833	2000
224.5029923896422	2000
224.5055083412804	2000
224.5720278917009	2000
224.78120772216084	2000
224.9431357118839	2000
225.0112527803921	2000
225.13326799342093	2000
225.25744246665275	2000
225.58851330844433	2000
225.71564985614884	2000
226.1376507416526	2000
226.2607943194629	2000
226.29199589122638	2000
226.69673467366357	2000
226.76742495673838	2000
226.84612123500105	2000
227.2088725400191	2000
227.2415909015376	2000
227.28891052402858	2000
227.5234564563508	2000
227.574138811386	2000
227.68258725489218	2000
227.93906193989423	2000
228.03156429793245	2000
228.4461292458605	2000
228.48961261639934	2000
228.82530710188445	2000
228.93901201988734	2000
228.99660490487418	2000
229.25800494192802	2000
229.4004435585532	2000
229.43213639918181	2000
229.5500106370128	2000
230.03177142188989	2000
230.38635077484955	2000
230.71273113488232	2000
230.73418270141266	2000
230.89377178658086	2000
231.0631278755297	2000
231.1337313727095	2000
231.16830227384736	2000
231.40291438013557	2000
231.43443971710892	2000
231.46453507986305	2000
231.50262571560629	2000
231.61756904380954	2000
231.8650079572559	2000
231.98059816956928	2000
231.99500828802996	2000
231.9953165364182	2000
232.01516457947406	2000
232.15497038546377	2000
232.270735367361	2000
232.33211050260783	2000
232.61825003825365	2000
232.64509257233706	2000
232.93220261117764	2000
233.46757515034443	2000
233.67743524920735	2000
233.82739234353713	2000
233.99876899363005	2000
233.99982760988215	2000
234.17590459934956	2000
234.17837165297428	2000
234.18176497120137	2000
234.1952040615948	2000
234.33422955743302	2000
234.51935993791918	2000
234.60018765106483	2000
234.7653033128783	2000
235.09113483506195	2000
235.35483711672748	2000
235.46943451859073	2000
235.5480556785356	2000
235.7732279679922	2000
235.8855402369557	2000
236.01947534392622	2000
236.03347463100712	2000
236.1946624148777	2000
236.2514745426004	2000
236.35780814737757	2000
236.57964147757022	2000
236.71701894469683	2000
237.07317896534323	2000
237.18606317627393	2000
237.36868352225332	2000
237.37649653739314	2000
237.37970772365233	2000
237.45005684702278	2000
237.49588403613774	2000
237.57764677538677	2000
237.58202822221875	2000
237.61133747069312	2000
237.84081376465804	2000
237.9602306511019	2000
237.9782495472251	2000
238.10391229359396	2000
238.12419632076586	2000
238.39123702234173	2000
238.48897524689767	2000
238.78737585784128	2000
238.85536088050208	2000
238.94760755147152	2000
239.14393890120945	2000
239.16570825161963	2000
239.22315819434047	2000
239.3133722468922	2000
239.62261264767236	2000
239.63771410940117	2000
239.97008544235072	2000
239.97834366757715	2000
240.07579964492862	0
240.13124867800482	20
240.3147951582315	40
240.45303472512182	60
240.60312230803117	80
240.63821722217227	100
240.72727037231752	120
240.7845844197128	140
240.88231777804688	160
241.14261647318153	180
241.24825334906294	200
241.38987233833325	220
241.43491056605936	240
241.95137581409253	260
241.98342120534076	280
242.09708861573148	300
242.19761412556286	320
242.70522887953692	340
242.77764643483692	360
242.79094888279909	380
242.8250987330725	400
242.8542427979275	420
242.9448524996625	440
243.02542670122	460
243.07408278012295	480
243.12743600277415	500
243.4143254371479	520
243.54907321115456	540
243.68498200202498	560
243.9924325745551	580
244.27566504351472	600
245.0422570192514	620
245.16551017842502	640
245.23515321760516	660
245.35470035646617	680
245.757532037088	700
245.79224178923062	720
246.42442182044857	740
246.4675270438638	760
246.54093059206443	780
246.85329210633944	800
247.15122249859303	820
247.31357517071922	840
247.4135340495566	860
247.51560028235676	880
247.64076610842372	900
247.79682669025036	920
247.83243220494697	940
247.88983788438145	960
247.94770895692255	980
248.11913991287378	1000
248.36192392604943	1020
248.82589452011484	1040
248.970112428231	1060
249.0790946973951	1080
249.27994140006732	1100
249.28453313961168	1120
249.31377357496874	1140
249.82884501806933	1160
249.85445044320966	1180
249.8985902208668	1200
250.0384936649245	1220
250.25824089440692	1240
250.38259822882486	1260
250.6975559271745	1280
250.86456922452575	1300
251.07247597221928	1320
251.3112672699852	1340
251.313986781991	1360
251.41343482227376	1380
251.67513902446473	1400
251.7469571564801	1420
251.75062960521922	1440
251.81469835334696	1460
251.82403844390174	1480
251.8297370036286	1500
252.03563923328235	1520
252.08006920743978	1540
252.08483250874832	1560
252.1160048917379	1580
252.1468697785905	1600
252.15703767481	1620
252.23694307523976	1640
252.29793212674477	1660
252.3452033974312	1680
252.4073396145175	1700
252.54700020854162	1720
252.83582895234437	1740
252.9358098177792	1760
252.99523833109836	1780
253.2531449903898	1800
253.42257690483405	1820
253.52245323961066	1840
253.57247206045977	1860
253.97166088033885	1880
254.0600368402486	1900
254.2520419755352	1920
254.4128068649901	1940
254.4387559262081	1960
254.5582592928635	1980
254.88182163721896	2000
255.05637931893284	2000
255.38222995931275	2000
255.4501058490739	2000
255.66101609029542	2000
255.76637596706306	2000
255.86936601997868	2000
255.901300312968	2000
255.9304335468727	2000
255.96136521339335	2000
256.2162194525897	2000
256.2344465821734	2000
256.4774223358074	2000
256.60772530768133	2000
256.70622031299	2000
257.1688675265964	2000
257.34889534981835	2000
257.4225148659095	2000
257.6412514630945	2000
257.7421721815471	2000
258.02830044625637	2000
258.10609512532693	2000
258.16842729691007	2000
258.374907025493	2000
258.3851548924199	2000
258.7685991618965	2000
258.86509962756065	2000
259.0822770724889	2000
259.24347245854426	2000
259.2887847947868	2000
259.30589782564977	2000
259.5120610063396	2000
259.952683247598	2000
260.0001061685571	2000
260.1639683832596	2000
260.29287738937586	2000
260.4073689548542	2000
260.68252075743175	2000
260.96586470004615	2000
261.20069809896455	2000
261.20208894553775	2000
261.3522521082006	2000
261.5298285601219	2000
261.55795279520896	2000
261.5672757398773	2000
261.7155100331359	2000
261.7471704775517	2000
261.8038239072318	2000
261.9269838596474	2000
261.9642098112431	2000
262.0421289894026	2000
262.09872901412746	2000
262.1505304459882	2000
262.31615128862774	2000
262.3459501467042	2000
262.5512359494547	2000
262.61461088756204	2000
262.6828775087065	2000
262.74439667308064	2000
262.9947074365099	2000
263.2085203430966	2000
263.32741083765626	2000
263.3808340714947	2000
263.59715417294746	2000
263.7618125300442	2000
264.0154454285365	2000
264.56391134217273	2000
264.5799438667396	2000
264.60968416919843	2000
264.903967571255	2000
264.91888849929296	2000
264.92109957947235	2000
265.0116235873159	2000
265.1176553930461	2000
265.1390820321468	2000
265.22826013504005	2000
265.2698495947816	2000
265.35984352233464	2000
265.4190400266999	2000
265.45214893094015	2000
265.64997329435596	2000
265.6547802540327	2000
265.8891099103085	2000
265.93091495894635	2000
265.9824821679968	2000
266.1717511629699	2000
266.2620257005225	2000
266.3171048550495	2000
266.32125090010084	2000
266.32848459937463	2000
266.54793289205986	2000
266.5545117900988	2000
266.5604118731788	2000
266.62651248227706	2000
266.808109377887	2000
266.85384235383754	2000
267.1484789828273	2000
267.172584257733	2000
267.21588636547574	2000
268.0160091788527	2000
268.06914904590496	2000
268.08178161984176	2000
268.1825500050978	2000
268.3105475400307	2000
268.38814115169527	2000
268.48573487597776	2000
268.53342869423983	2000
268.53921727494674	2000
268.5481136856409	2000
268.65618388457824	2000
268.6786208585571	2000
269.2724470192495	2000
269.2786944649773	2000
269.32134994384984	2000
269.3932077758958	2000
269.938550204808	2000
270.00092020998267	2000
270.13754244639546	2000
270.173357763485	2000
270.25452229542987	2000
270.44508377133405	2000
270.48601518002573	2000
270.5146813367115	2000
270.70930117362497	2000
270.85551889540653	2000
270.86550491374595	2000
271.0706983622022	2000
271.1439270794896	2000
271.19069890819014	2000
271.2076947589111	2000
271.2914458705544	2000
271.426867919667	2000
271.43601401789215	2000
271.4996769733984	2000
271.5412889448692	2000
271.5702162009003	2000
271.7448448967117	2000
271.7546304612627	2000
272.29542480705146	2000
272.47750073621967	2000
272.5860722278686	2000
272.7440979746253	2000
272.748052681003	2000
272.8629287915078	2000
272.8877463462221	2000
273.1707251677812	2000
273.18642671568296	2000
273.325271482703	2000
273.3431585482621	2000
273.3540746665441	2000
273.3927028224187	2000
273.4197701871454	2000
273.4241383589487	2000
273.44720967885615	2000
273.6543809451974	2000
273.89238292880447	2000
274.1573744439312	2000
274.2879091448551	2000
274.34253179011233	2000
274.4324397080231	2000
274.52784288333777	2000
274.541466624507	2000
274.6510234294968	2000
274.6635700157537	2000
274.9591670612755	2000
275.131669374523	2000
275.3979410108181	2000
275.458528761648	2000
275.70605498253326	2000
275.7682118710937	2000
275.79387870559185	2000
275.8221886979573	2000
275.86989170365723	2000
275.93521392735954	2000
275.9428718153028	2000
276.14137868539837	2000
276.29602382108953	2000
276.3842862100885	2000
276.43721790650204	2000
276.7473576155169	2000
277.0832587753608	2000
277.2855350368905	2000
277.45489167248326	2000
277.50005847727545	2000
277.5006368255153	2000
277.5910955756166	2000
277.6597716036061	2000
277.9940441433595	2000
278.3365116131565	2000
278.4110176888675	2000
278.8464271471912	2000
279.1894214569225	2000
279.44250403410723	2000
279.4936316412212	2000
279.51258131868036	2000
279.6794948540854	2000
279.819467485258	2000
279.8373772784511	2000
279.84084947938294	2000
280.04299320394887	2000
280.3140145610262	2000
280.41981107478676	2000
280.51060740903955	2000
280.6629179054278	2000
280.6935988390742	2000
280.6971056135765	2000
280.70525040823554	2000
280.7581226241846	2000
280.79798111532153	2000
280.9472952372119	2000
280.99172641574177	2000
281.0838539901711	2000
281.5325389868057	2000
281.71726065033914	2000
281.948677642074	2000
282.07755447089147	2000
282.10768455407293	2000
282.2289607188482	2000
282.3985470676342	2000
282.401224279376	2000
282.550771651801	2000
282.6890328815219	2000
282.9049029278844	2000
282.97827609936564	2000
283.0127949950334	2000
283.0906594432932	2000
283.5135706288509	2000
283.5456537482689	2000
283.55487635578953	2000
283.80662393347853	2000
283.8760298539199	2000
284.27901988715604	2000
284.4211687197749	2000
284.5185595111261	2000
284.65739884660877	2000
284.66232638334094	2000
284.7534710001267	2000
284.76736718906756	2000
284.8289031423734	2000
285.08025976110815	2000
285.65170632730246	2000
285.65976829602164	2000
285.78031161769184	2000
285.9626096080397	2000
285.98792950327544	2000
286.02959265998146	2000
286.0427603350731	2000
286.1353598329217	2000
286.19910141738205	2000
286.3426656194192	2000
286.40042265220785	2000
287.02956973577494	2000
287.44343741526876	2000
287.72819088795154	2000
287.85699516839344	2000
287.8701154719986	2000
287.90076065365946	2000
287.91887779886724	2000
288.02257437702485	2000
288.1758731020962	2000
288.2043680853112	2000
288.23236223887375	2000
288.28756662584493	2000
288.34141077098644	2000
288.3579909171124	2000
288.37372442936345	2000
288.4197371968337	2000
288.5312074352659	2000
288.74465856931573	2000
288.79840207986587	2000
289.037265019109	2000
289.0823733839619	2000
289.58425638518275	2000
289.6909083770407	2000
289.96574547947773	2000
289.9744932044179	2000
290.00503375490877	2000
290.1174769261628	2000
290.1415712117563	2000
290.29970453085963	2000
290.47838592357624	2000
290.4792713285068	2000
290.580089228356	2000
290.8295130089217	2000
290.8428613889415	2000
291.0199257827576	2000
291.04832876151806	2000
291.0737431165623	2000
291.207426800346	2000
291.2545699414457	2000
292.2329608969332	2000
292.3985449974356	2000
292.50586480948044	2000
292.5858645726126	2000
292.7513458006014	2000
292.9532745631222	2000
293.20483762061053	2000
293.83859859121253	2000
294.0722182199819	2000
294.1427172478563	2000
294.22912996361816	2000
294.239968834961	2000
294.25800966151814	2000
294.34181316782906	2000
294.4163309629827	2000
294.5122263353874	2000
294.640335130072	2000
294.76155242190333	2000
294.80161794575645	2000
295.07287607646805	2000
295.1413404876631	2000
295.41933300401	2000
295.48603091816824	2000
295.7327102552882	2000
295.8043866010923	2000
295.9345715126982	2000
296.3195701458275	2000
296.6774507359012	2000
296.7937486030256	2000
296.94203096279824	2000
296.94775066925234	2000
296.9997744713151	2000
297.0483601394611	2000
297.0536986395543	2000
297.51271466288927	2000
297.5781184721585	2000
297.5841522381481	2000
297.59559950984647	2000
297.6634781415706	2000
297.79510950836175	2000
297.8258507316775	2000
297.8846899595959	2000
297.944708386962	2000
298.08182050444225	2000
298.0889839284383	2000
298.13014888673206	2000
298.5635941500195	2000
298.629496799155	2000
298.7352377495736	2000
298.94224955260756	2000
298.94915910103634	2000
299.09552022133505	2000
299.1807972157073	2000
299.344792902627	2000
299.48147268441545	2000
299.7222527247366	2000
299.7642869877602	2000
299.7683547320859	2000
299.8837953354364	2000
299.9164144992203	2000
300.1917568081761	2000
300.2955678741513	2000
300.3675775411405	2000
300.4028669204103	2000
300.587921918941	2000
300.6231561066731	2000
300.70979961939497	2000
301.1047745542844	2000
301.2544768354973	2000
301.2822782571166	2000
301.400108112772	2000
301.4375565125493	2000
301.50640483593816	2000
301.78680014798044	2000
301.82200849915347	2000
301.8656558498363	2000
301.86600620970756	2000
302.0157642552054	2000
302.0439364299969	2000
302.0999610994226	2000
302.22628595187257	2000
302.3794997851705	2000
302.3992092963681	2000
302.541911091715	2000
302.6670837219934	2000
302.7979704330926	2000
302.898790451783	2000
302.91663151923757	2000
302.9789696183102	2000
303.175121558423	2000
303.42148355581526	2000
303.47731211263203	2000
303.56877735813083	2000
303.6129067276492	2000
303.7298648494994	2000
303.78442465658725	2000
303.84303656728895	2000
304.0812983665342	2000
304.2735469521337	2000
304.34526154363857	2000
304.35539862478856	2000
304.5001096402933	2000
304.52553191678334	2000
304.68965079371867	2000
304.72199404607363	2000
304.7465027548395	2000
304.9653489717604	2000
305.05317919982457	2000
305.1231581763005	2000
305.19236920569057	2000
305.2488903525361	2000
305.27026538490276	2000
305.29269996124566	2000
305.39475359417605	2000
305.50415848900593	2000
305.52507036927085	2000
305.82211525099785	2000
305.82294997714007	2000
306.1411604833208	2000
306.461358568851	2000
306.5142938671282	2000
306.5241643105291	2000
306.6938359933698	2000
306.7947837946844	2000
306.80002196658876	2000
306.88913533293925	2000
307.003810143317	2000
307.00768011180287	2000
307.23804171322416	2000
307.4353066324306	2000
307.4779482498888	2000
307.5104099633229	2000
307.5261013851254	2000
307.7341261104121	2000
307.74163725697315	2000
307.77775402127986	2000
307.83563490727863	2000
307.95726330988026	2000
307.966489648187	2000
308.52985055360546	2000
308.883940651377	2000
309.05300577360055	2000
309.1322070823214	2000
309.13730906886616	2000
309.3934843035731	2000
309.4420641831294	2000
309.51797412509745	2000
309.6755199138402	2000
309.6785568003534	2000
309.8979480327558	2000
310.13895296762263	2000
310.2263079076037	2000
310.59693424612885	2000
310.76997594628045	2000
310.7897317678097	2000
311.00083629903384	2000
311.1826600995401	2000
311.2680570240957	2000
311.65198233170497	2000
311.7210942432999	2000
311.8108034763555	2000
311.859738424341	2000
312.0659005748749	2000
312.13928416929286	2000
312.1567307938712	2000
312.1975973297708	2000
312.26551729979207	2000
312.2966806018785	2000
312.3118314648918	2000
312.4124092340859	2000
312.5010844553675	2000
312.50816894324845	2000
312.96158991416956	2000
313.2665850177798	2000
313.41960635453785	2000
313.4666811261261	2000
313.52094752757324	2000
313.78782495123403	2000
313.8182861275284	2000
313.8868406298142	2000
313.9929518784869	2000
314.0113154974021	2000
314.3126764671296	2000
314.3383894127638	2000
314.43336226653247	2000
314.620362622447	2000
314.80870156231464	2000
314.8818537307192	2000
315.55086692388744	2000
315.56355422624614	2000
315.69107603959117	2000
316.06970677801456	2000
316.1232537778456	2000
316.2163512983771	2000
316.2545355749701	2000
316.36832312923235	2000
316.3705071670558	2000
316.4523381014012	2000
316.61727541967497	2000
316.97153889051106	2000
317.20757394495286	2000
317.26878001513614	2000
317.27442474299085	2000
317.38986217155576	2000
317.4032514041282	2000
317.46195568998945	2000
317.5016406228936	2000
317.7198808359504	2000
317.78048477033184	2000
317.84508753406874	2000
317.8550934706198	2000
317.93149183316854	2000
317.9666550644355	2000
318.14581634274913	2000
318.1623632776998	2000
318.21188257341794	2000
318.29633663170074	2000
318.8283628969923	2000
318.83539503517784	2000
319.00650710758003	2000
319.0988361263712	2000
319.3009398806421	2000
319.3982932000461	2000
319.44565743992325	2000
319.52214999872393	2000
319.84169346670177	2000
320.23041006909153	2000
320.2544295519091	2000
320.2956690854678	2000
320.3005329775817	2000
320.5109406151725	2000
320.6527746450195	2000
320.8636974829075	2000
321.12237806974673	2000
321.2787050933108	2000
321.41635626386756	2000
321.4275754878126	2000
321.5144728031133	2000
321.54254035705907	2000
321.6227385364548	2000
321.6900892880332	2000
321.76615066426353	2000
321.81896365396517	2000
321.97001359623533	2000
321.99787568063476	2000
322.09219589345264	2000
322.1822649998192	2000
322.24376015929033	2000
322.4817030174013	2000
322.48275981445886	2000
322.50123699538165	2000
322.5061049536676	2000
322.5132441403359	2000
322.80308021510047	2000
322.842465631277	2000
322.9516445433504	2000
323.1141698964993	2000
323.1674470990128	2000
323.2235421325745	2000
323.2725703493075	2000
323.3206133144199	2000
323.38620833440757	2000
323.5784253775622	2000
323.6037319443821	2000
323.6594284136273	2000
324.0578150431637	2000
324.07613700291427	2000
324.077713227663	2000
324.1470431453754	2000
324.9476582173575	2000
325.0749366850284	2000
325.2706515206063	2000
325.3196384208142	2000
325.85984639790604	2000
326.1253487671232	2000
326.62403221388615	2000
326.6754675574379	2000
326.681422617336	2000
326.7079906372226	2000
326.89791122403585	2000
326.95526412404894	2000
327.148633750883	2000
327.42543071822956	2000
327.4773330387338	2000
327.52880854843454	2000
327.72029944937174	2000
327.78467336235514	2000
327.9490564792256	2000
327.95012119557254	2000
328.1690850013097	2000
328.3873859867577	2000
328.39799074800953	2000
328.4675184304856	2000
328.55197109676567	2000
328.61780155865864	2000
328.7924697149825	2000
328.8512936367871	2000
328.922763923842	2000
328.95978087247397	2000
329.1066799854829	2000
329.52504033991363	2000
329.6603059339224	2000
329.9925977896927	2000
330.0281206047029	2000
330.4150673256059	2000
330.48503705236607	2000
330.7194705011103	2000
330.9765725584172	2000
331.0319862921583	2000
331.06268169728196	2000
331.24660475911185	2000
331.4761696858187	2000
331.49701410350485	2000
331.5792571315722	2000
331.7382501807903	2000
331.9085097531558	2000
332.3420063976449	2000
332.42186797187543	2000
332.5344527534605	2000
332.5595676679948	2000
333.17851215839744	2000
333.19572265871614	2000
333.51187253759645	2000
333.67682727344135	2000
334.3037268547241	2000
334.3629214042627	2000
334.6078333905674	2000
334.6401783802281	2000
334.8591752617333	2000
334.9736777988175	2000
335.06086320474486	2000
335.06510784122804	2000
335.11848646254253	2000
335.39443601042876	2000
335.44606417094326	2000
335.496762572998	2000
335.69399411204716	2000
335.82484453611613	2000
335.95785287072636	2000
336.5009984527226	2000
336.5440980791205	2000
336.59706432761885	2000
336.6465797163601	2000
336.8301169409619	2000
337.0725881324903	2000
337.13316197287776	2000
337.2170352574492	2000
337.35980199602835	2000
337.69090055231237	2000
337.71870021876833	2000
338.401366442269	2000
338.5615562384427	2000
338.581670400959	2000
338.6028141072413	2000
338.8463177741763	2000
338.9141593703795	2000
339.0801915414493	2000
339.1164098933656	2000
339.2046949367956	2000
339.5169387944975	2000
339.8524675004966	2000
339.9434664521169	2000
340.00466637310615	2000
340.1567305865121	2000
340.23807754735105	2000
340.26664765237024	2000
340.2870731823748	2000
340.3588058320437	2000
340.40066045324517	2000
340.4387172806558	2000
340.54979872781433	2000
340.6079434117769	2000
340.6465744898964	2000
340.68265020650296	2000
340.7828749645668	2000
340.9527308531309	2000
341.08683853016356	2000
341.1270979767423	2000
341.1855238894104	2000
341.30483127231753	2000
341.5664710953552	2000
341.664905209417	2000
342.1352423712164	2000
342.1377764346177	2000
342.19304348690014	2000
342.2827114651521	2000
342.4472875827905	2000
342.91073971252695	2000
342.9944640234931	2000
343.0159654343983	2000
343.1716812761674	2000
343.20156415603805	2000
343.29768094791365	2000
343.54722604782984	2000
343.8239783142248	2000
343.8324037460112	2000
344.1337813972397	2000
344.1941171777453	2000
344.44861719355686	2000
344.45074916679863	2000
344.4909950730309	2000
344.648348330846	2000
344.69064062506664	2000
344.72887187865996	2000
344.7988708686207	2000
344.8401578624305	2000
344.93590646235293	2000
345.03350737255107	2000
345.06340343134883	2000
345.160384230162	2000
345.2548409153071	2000
345.38470005469014	2000
345.4516507217373	2000
345.7257778020463	2000
346.1378260106707	2000
346.49012041359265	2000
346.64112698973395	2000
346.8101274405619	2000
347.03979529928495	2000
347.29867481080817	2000
347.42584435994144	2000
347.59103297841875	2000
347.7670656195401	2000
347.96354039741493	2000
348.17956116627914	2000
348.2134666350467	2000
348.28637364899174	2000
348.4225793053386	2000
348.49900191278977	2000
348.7052838306843	2000
348.74822651141363	2000
348.8700517273462	2000
348.9282579568245	2000
348.9538994547291	2000
349.10503598123995	2000
349.2300400887867	2000
349.2338228774508	2000
349.279301028673	2000
349.325799642939	2000
349.4067619508102	2000
349.426268935012	2000
349.4386207612822	2000
349.5853644233068	2000
349.64747809128573	2000
349.91492324151835	2000
349.97901768717867	2000
350.1104785501124	2000
350.15378154417897	2000
350.46050185285304	2000
350.59721514997756	2000
350.6234257104613	2000
350.6390256944101	2000
350.7157097512879	2000
350.79302192067235	2000
350.8690076853205	2000
351.1089448959111	2000
351.151422150999	2000
351.153227770031	2000
351.3579122509206	2000
351.3929595332573	2000
351.60422445062585	2000
351.6295188480946	2000
351.8863530235786	2000
352.0626697041162	2000
352.38953886729007	2000
352.4982610030189	2000
352.59552997929643	2000
352.61410327421225	2000
352.69675668292047	2000
352.7257585855449	2000
352.7969077134885	2000
352.8165608882349	2000
353.41814640139216	2000
353.56909595354324	2000
353.6741857845884	2000
353.79605991958846	2000
353.87413135461935	2000
353.88357210897374	2000
354.38741438016217	2000
354.390344412379	2000
354.5936890148467	2000
354.63066532739026	2000
354.72606753820844	2000
354.9578609429356	2000
355.089700991328	2000
355.2411222377138	2000
355.3686666248385	2000
355.39419850099557	2000
355.4149908443359	2000
355.72633323031516	2000
355.8511268895631	2000
355.88589696116986	2000
355.90199836296034	2000
355.9811672418416	2000
356.0234798915008	2000
356.04710164527535	2000
356.7111132989457	2000
356.9255666787721	2000
356.9611182942748	2000
357.4256823804213	2000
357.9217945644245	2000
358.02941402511203	2000
358.1172925841919	2000
358.1371797658119	2000
358.1619939109113	2000
358.2679317240502	2000
358.75081447360526	2000
359.0304247759262	2000
359.1147162867798	2000
359.1493022149146	2000
359.36793529905077	2000
359.46474313847847	2000
359.6797094394908	2000
359.72013205544295	2000
359.7243116506543	2000
359.9828920133962	2000
360.08984984654796	2000
360.3168556371841	2000
360.3169729597489	2000
360.3777485253338	2000
360.4149855624996	2000
360.42231636389243	2000
360.682292302951	2000
360.83146953831374	2000
360.8369108762772	2000
360.9156194049084	2000
360.9781260022886	2000
361.00058163458647	2000
361.1276178500038	2000
361.2020264572167	2000
361.25352309266736	2000
361.30378110749757	2000
361.3130400491499	2000
361.3567720269291	2000
361.46952458632796	2000
361.52940580987024	2000
361.5997714689799	2000
361.64606269603195	2000
362.0713386319879	2000
362.1322419696767	2000
362.16485804834053	2000
362.17603018662214	2000
362.4906007788483	2000
362.5126415542553	2000
362.5424244994373	2000
362.54815505384204	2000
362.712872160935	2000
362.8250221042203	2000
362.8338691726531	2000
363.03112228155584	2000
363.2921483891095	2000
363.30107184059364	2000
363.4638956329963	2000
363.5942369883808	2000
363.7997761164943	2000
363.8658845448876	2000
364.0685310367323	2000
364.09536725521895	2000
364.36720348864895	2000
364.62573624133887	2000
364.69728886898935	2000
364.77892765127007	2000
364.81575640533464	2000
364.9618204835273	2000
364.9770077205905	2000
365.1489368035809	2000
365.15213752883705	2000
365.3345612239415	2000
365.35787357170057	2000
365.842012909461	2000
365.97578302110855	2000
366.08004395582947	2000
366.2178660360794	2000
366.2917877171111	2000
366.9600157773831	2000
367.02383322576605	2000
367.06518575358007	2000
367.07478534811565	2000
367.1382826061451	2000
367.2552671686718	2000
367.38335983305006	2000
367.43335058906877	2000
367.65657322179413	2000
367.9318280699936	2000
367.93734211732226	2000
368.0024969153312	2000
368.2430869831926	2000
368.24797432547865	2000
368.3115451652462	2000
368.43201478186035	2000
368.44610047954967	2000
368.5352703803368	2000
368.561360927131	2000
368.7043433935766	2000
368.91279299901913	2000
369.104380360742	2000
369.2000230684286	2000
369.21527744816535	2000
369.3925525625421	2000
369.9199782562494	2000
370.1438555808643	2000
370.2559345643229	2000
370.3727404819904	2000
370.60625454604076	2000
370.8351292297275	2000
370.92470711468377	2000
370.9668717801268	2000
371.14662666547673	2000
371.32177710433024	2000
371.414049803104	2000
371.5290450523052	2000
371.88566020248476	2000
372.0495571993101	2000
372.1952587796071	2000
372.31938066626606	2000
372.52563003701937	2000
372.5647479117622	2000
372.7434991123487	2000
372.8737203275484	2000
372.93380628070884	2000
373.0496103325724	2000
373.105094769635	2000
373.11559558830123	2000
373.3766168090385	2000
373.411685899319	2000
373.4459158250765	2000
373.481860381844	2000
373.6686062138455	2000
373.72197120678237	2000
373.85181942080476	2000
373.99641089875115	2000
374.0375790851418	2000
374.04381311624934	2000
374.3018549920608	2000
374.46680229968933	2000
374.5721244190161	2000
374.730262487824	2000
374.74982354147187	2000
374.9792707660284	2000
375.26301689761675	2000
375.3738710544705	2000
375.4255144921461	2000
375.4912601447179	2000
375.53463496086874	2000
375.7476454366979	2000
375.7934863605457	2000
375.79843603752755	2000
375.91922232773254	2000
375.99812359091476	2000
376.2089327099169	2000
376.4397074941276	2000
376.4972478445849	2000
376.6573681112227	2000
376.93813647211175	2000
376.98746086141745	2000
377.1213711156214	2000
377.20216271191197	2000
377.350127018677	2000
377.3542577925819	2000
377.3765430784838	2000
377.41540505826396	2000
377.48272144306634	2000
377.6331399288324	2000
377.72122487648426	2000
378.1213166111134	2000
378.39709115161367	2000
378.4200524632121	2000
378.4633104241193	2000
378.5413899897239	2000
378.5651488343662	2000
378.60915673458624	2000
378.66104462815076	2000
378.8551018687451	2000
378.96647472471864	2000
378.9675671467552	2000
379.0080496895007	2000
379.1496361164951	2000
379.2516188649068	2000
379.3903806499764	2000
379.47115550270047	2000
379.4792849124265	2000
379.49743254362386	2000
380.3935460565526	2000
380.4093956273195	2000
380.4877013440715	2000
380.6823513383131	2000
380.76586766984656	2000
380.76904907888473	2000
380.8065938526684	2000
380.9380254204773	2000
381.027868263014	2000
381.0524596926621	2000
381.99744306260953	2000
382.1875488187118	2000
382.28900038030486	2000
382.47758033433485	2000
382.56768803531486	2000
382.6607111283098	2000
382.7119541375881	2000
382.98565330279945	2000
383.0178099192778	2000
383.01896926151977	2000
383.0562714094	2000
383.0956708060144	2000
383.13802065602545	2000
383.27603185918286	2000
383.3966145084127	2000
383.4110161270273	2000
383.6183940396519	2000
383.87510797983987	2000
384.0567181704487	2000
384.0611144916457	2000
384.0883568188763	2000
384.1495338470754	2000
384.28643424095634	2000
384.33076441061166	2000
384.6745994432524	2000
384.8464145933746	2000
385.67629152527616	2000
385.73721863516556	2000
385.9194213657166	2000
385.9292454058533	2000
386.0370747896703	2000
386.13954345345076	2000
386.18847509740124	2000
386.20415294630885	2000
386.4554719930073	2000
386.5038515060355	2000
386.6216969848154	2000
386.62813430171394	2000
386.77101086756414	2000
387.02124269863236	2000
387.0953173021814	2000
387.17916022682044	2000
387.46625262022627	2000
387.4909710214022	2000
387.4947211136281	2000
387.6467291185167	2000
387.7638044613222	2000
387.8453533712365	2000
387.95105949249546	2000
387.96530620394344	2000
388.1001538833754	2000
388.2819344153563	2000
388.2867325034063	2000
388.427695826522	2000
388.5114524292009	2000
388.5345195016468	2000
388.6111281481517	2000
388.6194753622674	2000
389.0536827250191	2000
389.40407953768965	2000
389.6369644311295	2000
389.65647488827284	2000
389.6786110664788	2000
389.9454935713475	2000
390.17515049810646	2000
390.36887252622614	2000
390.476032778203	2000
390.57296660382735	2000
390.81262859085786	2000
390.9840965566922	2000
391.00967211431595	2000
391.24300863478413	2000
391.3241744644824	2000
391.4360241393212	2000
391.48245012885656	2000
391.6255378850698	2000
391.71859876174494	2000
392.23156062125815	2000
392.2421304398363	2000
392.26457044170604	2000
392.4996651908853	2000
392.565948157062	2000
392.5679365947749	2000
392.63471983999597	2000
392.744707620937	2000
392.7486915642652	2000
393.2004764492695	2000
393.38961767398	2000
393.4711244198734	2000
393.6458949555969	2000
393.67885603719975	2000
393.756623684105	2000
394.0509199622807	2000
394.0693786538591	2000
394.1711679616167	2000
394.182118667614	2000
394.18444775409523	2000
394.20377006844785	2000
394.21743342506966	2000
394.3765206246899	2000
394.3923330995585	2000
394.3942708771941	2000
394.6853375012872	2000
394.81503978902333	2000
395.44626894363745	2000
395.4928543114442	2000
395.7232526973119	2000
395.9795540973686	2000
396.0206508188128	2000
396.09148564660364	2000
396.2506932783697	2000
396.32637639429385	2000
396.7253094167648	2000
396.799997002438	2000
396.8404942634841	2000
396.9006802619918	2000
397.0395503134195	2000
397.0795280196327	2000
397.0903847290546	2000
397.12215254730893	2000
397.1789821260509	2000
397.2864360185448	2000
397.3785162984174	2000
397.44308556420094	2000
397.640745560606	2000
397.95806058635856	2000
397.97965394875655	2000
397.98179978502816	2000
398.3329227632585	2000
398.4792804559697	2000
398.6440969506351	2000
399.00597945174127	2000
399.0675066250352	2000
399.18251301094705	2000
399.3172185348256	2000
399.39926928258024	2000
399.4228758527615	2000
399.65471407406665	2000
399.6930963398693	2000
399.7313893463916	2000
399.93177024087333	2000
399.980662515338	2000
400.3037907655685	2000
400.3922895977887	2000
400.4216716818448	2000
400.7612737790708	2000
400.90555013297654	2000
400.96400232854415	2000
401.0358992657407	2000
401.06687735993467	2000
401.31252375570597	2000
401.3439988617769	2000
401.5669000230158	2000
401.64894054902345	2000
401.6775317222504	2000
401.87916956214946	2000
401.88665067773707	2000
401.9884805660537	2000
402.22668149206186	2000
402.27618313989603	2000
402.35200494004073	2000
402.4175722126254	2000
402.6183490195	2000
402.6800034727791	2000
402.74585662772563	2000
402.8248847468645	2000
402.84244974489985	2000
403.3654973444878	2000
403.98191713946113	2000
404.10021363427404	2000
404.1513703444719	2000
404.1940332743372	2000
404.3341964339	2000
404.5481658136453	2000
404.65791676555756	2000
404.81788694330777	2000
404.8717333358923	2000
405.0335955158676	2000
405.18777961649465	2000
405.23473078658293	2000
405.2746041775569	2000
405.36518943039187	2000
405.42109905971336	2000
405.427435502476	2000
405.54745851907217	2000
405.7748792163482	2000
405.79533046466844	2000
405.88106583468715	2000
405.9131497512409	2000
406.1297319789965	2000
406.14457406382377	2000
406.1713124643464	2000
406.1879610754561	2000
406.25621722301736	2000
406.53070269403037	2000
406.5821740790395	2000
406.64597418830334	2000
406.70059665983234	2000
406.75475594176896	2000
406.8599201095379	2000
406.93015115067845	2000
407.11950405246216	2000
407.16620196182953	2000
407.3892404045803	2000
407.4021780320761	2000
407.4322512606023	2000
407.4383587268382	2000
407.62312057421053	2000
407.7660474891463	2000
407.80422996413677	2000
407.9167678450403	2000
407.9445361742604	2000
407.9995619720844	2000
408.00149748989116	2000
408.15170243233774	2000
408.23750968005834	2000
408.3367733051613	2000
408.34519156254674	2000
408.5321021821354	2000
408.72101098088524	2000
408.82425160662467	2000
408.99262849479004	2000
409.00901959676276	2000
409.06156856511154	2000
409.22302502725086	2000
409.2638051737564	2000
409.33874028388465	2000
409.4856497010822	2000
409.5226989883484	2000
409.53855640093997	2000
409.592208550493	2000
410.2306140534168	2000
410.2394853565341	2000
410.2467639447895	2000
410.3564014016066	2000
410.4189093404405	2000
410.4230362601891	2000
410.51749045168094	2000
410.6039042283656	2000
410.73893244984043	2000
410.88999867890215	2000
411.0260499711808	2000
411.2260746935065	2000
411.30413152454906	2000
411.4837323912171	2000
411.66417610121295	2000
411.93886449270894	2000
412.1039866244471	2000
412.1491388634586	2000
412.1780316353407	2000
412.1874085629151	2000
412.3233865091119	2000
412.58472105023026	2000
412.60665037282956	2000
412.79486541134395	2000
412.98251039802966	2000
413.0832974871433	2000
413.71603475402617	2000
413.7174295293827	2000
413.7826842128475	2000
413.80246031665564	2000
413.8795250777474	2000
414.23556853642816	2000
414.92991678723627	2000
414.9398717318411	2000
414.96424805273955	2000
415.1139585941426	2000
415.16095839887015	2000
415.1685790865526	2000
415.3074103017608	2000
415.7194170121302	2000
415.8460963617436	2000
415.871105316058	2000
415.92920016438467	2000
415.9627731619438	2000
416.06818430106296	2000
416.2235138848746	2000
416.2906727251728	2000
416.4475860977899	2000
416.5029441141127	2000
416.51179407063756	2000
416.54160089127765	2000
416.57705187643	2000
417.13945222918414	2000
417.5179001410596	2000
417.85772426248707	2000
418.3760260688887	2000
418.4126701841321	2000
418.49363391694465	2000
418.5258421992756	2000
418.5817767439198	2000
418.68613816409476	2000
418.8332099183846	2000
419.0565489980891	2000
419.07194830205435	2000
419.37831641369866	2000
419.53116926749783	2000
419.7903219375844	2000
419.8173416554477	2000
419.83449341404	2000
420.13339930348974	2000
420.192902352051	2000
420.3006384442621	2000
420.3179042491733	2000
420.4780960609143	2000
420.4908684173564	2000
420.5160761275678	2000
420.69482180904737	2000
420.7015089881389	2000
420.72944886384147	2000
420.77450709106404	2000
420.8672294178738	2000
420.9027066940559	2000
421.0970495684197	2000
421.168568310476	2000
421.2058825002085	2000
421.30533546150804	2000
421.4244466102788	2000
421.4653372106555	2000
421.75816854688264	2000
421.7756832952304	2000
421.7795736009747	2000
422.22907583159474	2000
422.43263103291184	2000
422.5109270470856	2000
422.60346203320466	2000
422.6149506035691	2000
422.79739219498634	2000
422.92268334153374	2000
422.9468167598356	2000
422.963536492501	2000
423.03177146690393	2000
423.18099698560684	2000
423.1975497772274	2000
423.4592240260813	2000
423.47087448350356	2000
423.5707594506901	2000
423.6091854028976	2000
423.8556906662239	2000
424.0931764479263	2000
424.29634899040127	2000
424.40435872783274	2000
424.8777927631117	2000
424.9038857601825	2000
424.9722590414736	2000
425.05048302850633	2000
425.0601640431774	2000
425.1103528019084	2000
425.2223513923442	2000
425.4448131500876	2000
425.49137947288034	2000
425.6566312550959	2000
425.7283144369574	2000
425.82899429315825	2000
425.88289521849697	2000
426.0644075694954	2000
426.12516959141783	2000
426.21283367571317	2000
426.4384012894767	2000
426.5801688080144	2000
426.65087037289953	2000
426.6593517947581	2000
426.7028559068763	2000
427.00696635126656	2000
427.1565304132083	2000
427.2117271101177	2000
427.27806030487733	2000
427.49472193864324	2000
427.5930264490627	2000
427.7897749710377	2000
427.793897708723	2000
427.80765073050634	2000
428.17466330684636	2000
428.1941843483825	2000
428.2109290557723	2000
428.3475534401201	2000
428.5119173433031	2000
428.5142768261729	2000
428.5206584653067	2000
428.5698605054538	2000
428.58035491082046	2000
428.5949383787489	2000
428.5967410295224	2000
429.0303163231532	2000
429.0343179207194	2000
429.2899114812412	2000
429.44101903748196	2000
429.5780978624868	2000
429.5952180137467	2000
430.1583150828112	2000
430.2003631570756	2000
430.3065802718335	2000
430.4465731697321	2000
430.4519932520336	2000
430.5388050223791	2000
430.5757835139591	2000
430.6106167778794	2000
430.93338410239716	2000
430.9367957935479	2000
431.1426095521915	2000
431.24958608871754	2000
431.41619508780303	2000
431.7039500591388	2000
432.0206601390198	2000
432.0869014709832	2000
432.16780837771057	2000
432.49257456459674	2000
432.5483728106084	2000
432.69074206763446	2000
432.82054678584404	2000
433.22682482973954	2000
433.37987751238865	2000
433.7171425342759	2000
433.8465023867266	2000
434.10394588925874	2000
434.13685302884187	2000
434.1986069409563	2000
434.26295742057516	2000
434.6012734127408	2000
434.73008265990023	2000
434.75353252513503	2000
434.79994933430726	2000
434.8094342441904	2000
434.91499673301735	2000
435.0276952562448	2000
435.08897198263645	2000
435.15036736683135	2000
435.2189444426881	2000
435.24639170571976	2000
435.34019633979284	2000
435.61346563866095	2000
435.7175066459728	2000
435.80937125833856	2000
435.90138202707897	2000
435.9503021025455	2000
436.0150707274218	2000
436.0235981492326	2000
436.0386196326506	2000
436.1504764421132	2000
436.38555296239656	2000
436.46358451981115	2000
436.71142274057024	2000
436.9297525727648	2000
437.1302060926844	2000
437.61280003851164	2000
437.628615408955	2000
437.6955137000007	2000
437.8446193695659	2000
437.8796126430707	2000
437.928604900069	2000
438.12420397693813	2000
438.18657858332193	2000
438.4342950343509	2000
438.6330445031266	2000
438.65135958330956	2000
438.897380190982	2000
438.91577255887336	2000
439.5040770718246	2000
439.5671840383847	2000
439.6410538916092	2000
440.3238232696149	2000
440.3692249522852	2000
440.4354199635258	2000
440.50368632711763	2000
440.6561156583844	2000
440.7147722244849	2000
440.76273007470496	2000
440.83867620002815	2000
440.8814090639729	2000
440.9053050532323	2000
440.90901682864694	2000
441.03651966038785	2000
441.3144290191217	2000
441.4764229313976	2000
441.7429884782455	2000
441.7459394546273	2000
441.78013728903386	2000
441.8553381098387	2000
441.9364870570628	2000
441.94205846296876	2000
441.9643015848577	2000
442.0294108028322	2000
442.29560183859104	2000
442.50430573570304	2000
442.6253900598477	2000
442.6497203942313	2000
442.76975385850403	2000
442.7842380827203	2000
442.8785402429029	2000
442.89970508097736	2000
442.9163593266775	2000
443.0346140324765	2000
443.1524505985195	2000
443.4127466006666	2000
443.49434041554815	2000
443.658088999932	2000
443.6807283262828	2000
443.79946423045527	2000
443.87533637774874	2000
444.0819027820757	2000
444.0905115418657	2000
444.2018113574787	2000
444.4186748815656	2000
444.47862779453527	2000
444.68675116583796	2000
444.68715142235976	2000
444.7187242505378	2000
445.4150228185915	2000
445.466775849123	2000
445.50435785457705	2000
445.5785344374819	2000
445.6457523354953	2000
445.84799173048066	2000
446.27742578980855	2000
446.31333891549673	2000
446.37431959675007	2000
446.38754500482315	2000
446.5526890102414	2000
446.67003235253645	2000
446.80564770294893	2000
446.9588547381543	2000
447.1422584634023	2000
447.23767907345984	2000
447.26672255356294	2000
447.56518662368643	2000
447.6793920289288	2000
447.86758467615425	2000
447.93415370472457	2000
448.0472345458972	2000
448.05588096662603	2000
448.08690985164054	2000
448.12434319522833	2000
448.1949453673686	2000
448.27680878556515	2000
448.38332618247836	2000
448.39149087956724	2000
448.71736521048086	2000
448.7738623831847	2000
448.85658822400165	2000
448.9528714554446	2000
449.2136365926214	2000
449.29538174097183	2000
449.37959539623444	2000
449.486177004265	2000
449.94275641923184	2000
450.1734904619844	2000
450.380471796464	2000
450.6058659142693	2000
450.7124332905544	2000
450.7774619603981	2000
450.80561848662217	2000
450.84668333676785	2000
450.9212721306059	2000
451.048305147745	2000
451.29357097955335	2000
451.33692255460124	2000
451.40440709472165	2000
451.44879684789333	2000
451.53084418127503	2000
451.7626520078027	2000
451.8602409317253	2000
451.87942292092083	2000
452.2836112193871	2000
452.50023827983085	2000
452.6094971810634	2000
452.8698864291823	2000
452.9963028753795	2000
453.0067934895477	2000
453.2353821668936	2000
453.38050955011084	2000
453.7416531738941	2000
453.8546852911004	2000
453.9175726602348	2000
453.9621776054421	2000
454.03130501215634	2000
454.0995930200256	2000
454.7075228451789	2000
454.7088906453992	2000
454.8805471293651	2000
454.94152499188766	2000
454.95569608784365	2000
455.0891089023725	2000
455.0982117729865	2000
455.1490116933236	2000
455.2022248032279	2000
455.26687899311435	2000
455.5112098101466	2000
455.7311649668238	2000
455.98400574156125	2000
456.0783417501856	2000
456.0954048980575	2000
456.11058173569626	2000
456.3618839606594	2000
456.7117445290925	2000
456.7644679194888	2000
456.78693476534045	2000
456.88551586517536	2000
456.9659435114886	2000
457.00653587199236	2000
457.0604163414702	2000
457.0646426671056	2000
457.14939444031194	2000
457.29064627859054	2000
457.44238692642296	2000
457.45030947754265	2000
457.57288980788314	2000
457.5930636283532	2000
457.62185847313685	2000
457.68831653571664	2000
457.6886767823488	2000
457.72293353923214	2000
458.0332689001548	2000
458.0485183889448	2000
458.1462557117473	2000
458.21274655268087	2000
458.3728516946415	2000
458.40036900610556	2000
458.6624177691779	2000
458.6962706163435	2000
458.78261240778147	2000
458.78315048940397	2000
458.8401477350046	2000
459.2388540465057	2000
459.33494176479127	2000
459.45452066728524	2000
459.5562637789807	2000
459.6468449466519	2000
459.65272169477885	2000
459.72442227222996	2000
459.78465493824905	2000
459.91076572742264	2000
459.98134172714964	2000
460.0264904633253	2000
460.0619592041137	2000
460.1727319137895	2000
460.4666626973458	2000
460.51505304557475	2000
460.5851477928338	2000
460.7870666960753	2000
460.80223452105287	2000
460.8306961996307	2000
460.8606975601486	2000
461.28194232253344	2000
461.30729954629896	2000
461.3199507348986	2000
461.3621404410209	2000
461.4144326635273	2000
461.47331225946874	2000
461.51474544445887	2000
461.6321706795671	2000
461.65483988992906	2000
461.67919832389276	2000
461.7050037261632	2000
461.8492890627782	2000
462.3434133185359	2000
462.40974739005327	2000
462.4763112400337	2000
462.63780535675596	2000
462.7377943811441	2000
462.75910459462676	2000
463.41034358506585	2000
463.5743005386191	2000
463.9666609712204	2000
464.29179572582615	2000
464.29184719726203	2000
464.4172160413538	2000
464.4843548272403	2000
464.6225481074837	2000
464.65579179750296	2000
464.67428131058625	2000
464.73244481836434	2000
464.7748292640614	2000
464.79381119293214	2000
464.9815369012911	2000
465.01742792315923	2000
465.0926161831546	2000
465.39382934927454	2000
465.90034406843404	2000
465.98837243214564	2000
466.02066315696896	2000
466.0398903888518	2000
466.0707610205443	2000
466.1731787167553	2000
466.60789503936934	2000
466.8479004686901	2000
466.8614904400016	2000
467.09652066923377	2000
467.15355606627253	2000
467.279350782806	2000
467.3763470894409	2000
467.47841092827633	2000
467.95279573349984	2000
468.1318555070955	2000
468.38743285329974	2000
468.4566115414774	2000
468.4632430971708	2000
468.4851633305051	2000
468.5734907502349	2000
468.58487008961066	2000
468.79202234921826	2000
468.8230532839651	2000
468.8500184596701	2000
468.8967491843322	2000
469.42522728180177	2000
469.5001601185651	2000
469.50730235416034	2000
469.56916087831746	2000
469.7078783788659	2000
469.9781716160041	2000
470.0193190800383	2000
470.1212972633127	2000
470.122398842557	2000
470.1840964995036	2000
470.2873808795341	2000
470.57509411977185	2000
470.6184070798537	2000
470.75544563794625	2000
470.80186129996156	2000
470.9261556425668	2000
471.024718727167	2000
471.1307369927379	2000
471.3319542102231	2000
471.6268332455783	2000
471.71358458452676	2000
472.1647654484383	2000
472.3058523757211	2000
472.65821423626073	2000
472.66178460710046	2000
473.1692643867514	2000
473.2084157047138	2000
473.2299326343472	2000
473.69060963405764	2000
474.0084009907936	2000
474.2785475669403	2000
474.53027432425995	2000
474.62847428506194	2000
475.21297144821426	2000
475.308629711252	2000
475.320580811694	2000
475.36600545377934	2000
475.67682074903917	2000
475.82030600269843	2000
475.8484667231111	2000
475.958882945608	2000
476.0040197247032	2000
476.2062319621363	2000
476.3130426084972	2000
476.4806972775591	2000
476.59974663659943	2000
476.6766614538617	2000
477.16304231025725	2000
477.20946924411567	2000
477.28566301698004	2000
477.30279523669594	2000
477.3071470094352	2000
477.46297245560675	2000
477.9615806757207	2000
477.98763780448866	2000
478.3448107091181	2000
478.5197804877249	2000
478.95269057670595	2000
479.2122899379751	2000
479.28980361532365	2000
479.3000014337363	2000
479.5220424812333	2000
479.7987620730633	2000
479.89803149347324	2000
479.9067591191727	2000
480.251004868784	0
480.2583653658942	20
480.5667564531193	40
480.6573653281714	60
480.7853707448913	80
481.0300121755541	100
481.04810914278295	120
481.1248785876916	140
481.1299015746599	160
481.41393204401686	180
481.5842578553935	200
481.69420801869586	220
481.75729794125436	240
482.0665413179716	260
482.1213649126854	280
482.16056252593285	300
482.42865470732846	320
482.43007174830734	340
482.4602813182866	360
482.7397233547338	380
482.9239453811061	400
482.98466009169886	420
482.9941514360743	440
483.3547506334584	460
483.5553026851949	480
483.9522580015288	500
483.97563105690364	520
484.0509190338916	540
484.1510633170356	560
484.2238871843907	580
484.503106815963	600
484.532718522031	620
484.5978523510878	640
484.8520617126876	660
484.8927165759414	680
484.9259595013452	700
484.9674680589226	720
485.0691813927278	740
485.27239738104436	760
485.28179638228033	780
485.51334855050646	800
485.5991166229164	820
485.65707137729464	840
485.7223189133223	860
486.0355921123179	880
486.04822222236703	900
486.074734328081	920
486.40319134140975	940
486.58110704964696	960
486.81483658363385	980
486.84800235584584	1000
487.03004955062613	1020
487.47267120807305	1040
487.79180203600345	1060
488.05123171231156	1080
488.3058306306999	1100
488.31615514122586	1120
488.35640329771337	1140
488.5062859897739	1160
488.6704328364225	1180
488.6754587317166	1200
488.6809575523251	1220
488.85769938265014	1240
488.92844584996044	1260
488.9852561735164	1280
489.09868416934285	1300
489.1609794289665	1320
489.1870124507964	1340
489.20816878001085	1360
489.3384590234202	1380
489.59875741203683	1400
489.8616309495828	1420
489.9968482784275	1440
490.02600128979304	1460
490.1096568915141	1480
490.2427398534305	1500
490.28298080273663	1520
490.3336381255636	1540
490.4732319741897	1560
490.58219358831167	1580
490.5874751549049	1600
490.72397128948717	1620
490.9433007508641	1640
490.9547722786454	1660
490.994798808066	1680
491.13580049893733	1700
491.17282788571185	1720
491.1990405628686	1740
491.4785585237708	1760
492.63583172545	1780
492.65247503660976	1800
492.81316688417746	1820
492.87795336796165	1840
492.90895813629584	1860
492.9489876839494	1880
493.13504357941844	1900
493.25096041287924	1920
493.3737273031046	1940
493.4929528413746	1960
493.6205681598976	1980
494.08908361688896	2000
494.184519303211	2000
494.3162425919199	2000
494.3234905959037	2000
494.4639239062197	2000
494.58409101809343	2000
494.6251675072123	2000
494.7103994497377	2000
494.7311253464187	2000
494.81129698132605	2000
494.86827159543145	2000
494.9409042129334	2000
495.1851886505872	2000
495.2413851411223	2000
495.48303323764	2000
495.5740216692916	2000
495.58600695799987	2000
495.82664039935537	2000
495.9195586278144	2000
495.9298595754792	2000
496.0177364352514	2000
496.21553292190526	2000
496.2918462147984	2000
496.39080650509214	2000
496.40575109228945	2000
496.44542921406025	2000
496.6713708345712	2000
496.730612551292	2000
497.05607670062005	2000
497.1410734077033	2000
497.1967316849311	2000
497.3941227891478	2000
497.6139988394315	2000
497.63444478059085	2000
497.7353127492613	2000
497.87525400770073	2000
497.93049094266246	2000
497.97611945107917	2000
498.1459233454437	2000
498.26984776063057	2000
498.28712200761925	2000
498.4241179438534	2000
498.4442794728285	2000
498.44785334427957	2000
498.48244313623866	2000
498.61004673273624	2000
498.67262732426144	2000
498.70051464028467	2000
498.70903582967344	2000
498.73251494949767	2000
499.05617620705516	2000
499.13026995336776	2000
499.3540446922904	2000
499.53315970356414	2000
499.7312352588455	2000
499.79979110602807	2000
499.81655380763146	2000
499.8565808431489	2000
499.9194577330668	2000
500.2079287487495	2000
