time(seconds)	aggragete Attack(Mbps)
0.26730645066900244	20
0.5022000169124572	40
0.8521916785022388	60
1.179262223261399	80
1.2078251712731691	100
1.3728564721118903	120
1.4590104897623541	140
1.6473401744253973	160
2.566527946073532	180
2.7806573670665564	200
2.9483822039977543	220
2.960047621602457	240
3.0751032831215968	260
3.313642729894026	280
3.3687068083392426	300
3.62526179039783	320
3.6638896204006524	340
3.7052936187422887	360
4.243772448879291	380
4.422363748868753	400
4.516901459690642	420
4.611555473957296	440
4.699184261799122	460
4.921970697124884	480
5.139968706694314	500
5.242939208273105	520
5.450739879496524	540
6.182368205998943	560
6.37749893335898	580
6.421309201093624	600
6.427329778088366	620
6.457296115167744	640
6.662010270777611	660
6.667227573651091	680
6.794873039239198	700
6.809641043582588	720
6.847042300087808	740
7.066377163489939	760
7.23219804854248	780
7.455038708575653	800
7.576222291597268	820
7.895812089221792	840
8.06869941219723	860
8.099024181796096	880
8.234472649023294	900
8.285971327470216	920
8.476569581590168	940
8.662034840104898	960
8.73559047792697	980
8.769903270090067	1000
8.998400094619155	1020
9.771823611886708	1040
9.80652690834655	1060
9.905276272083155	1080
10.177626063949388	1100
10.647922200469417	1120
10.753005800830607	1140
10.923745412372005	1160
11.2665713753103	1180
11.290068189233272	1200
11.31245334044304	1220
11.626972393894025	1240
11.648192315006341	1260
12.11007759629605	1280
12.215032158454653	1300
12.991921371054854	1320
13.096221612002736	1340
13.604098114931478	1360
13.882899414142946	1380
14.151934701153888	1400
14.166152259384557	1420
14.393260038267263	1440
14.45687385976014	1460
14.474952124013603	1480
14.517072326142234	1500
14.67747796836947	1520
14.718809409815764	1540
14.76630549010331	1560
14.966197606961135	1580
15.005501450858825	1600
15.286030642842071	1620
15.33279758426648	1640
15.33708101525893	1660
15.437381772498082	1680
15.870758917511697	1700
15.897751983717455	1720
16.322086724484578	1740
16.715560653602008	1760
17.390780290762883	1780
17.468031475559904	1800
17.607141175986644	1820
17.917201008329798	1840
18.02588774504861	1860
18.482341833854903	1880
18.499536019237148	1900
18.61463296751189	1920
19.02056305310009	1940
19.367192358930254	1960
19.62117603887574	1980
20.09387150014758	2000
20.13358485018848	2000
20.382286529497826	2000
20.73555899449596	2000
21.031583280277033	2000
21.20415442681597	2000
21.343679063893266	2000
21.530477363641552	2000
21.618697078156416	2000
21.85982782012191	2000
21.869729133184443	2000
22.06286633160997	2000
22.33873707569168	2000
22.367507282661066	2000
22.551169362949075	2000
22.6813471458068	2000
22.952020911628676	2000
22.962007696244846	2000
23.031782982718585	2000
23.14348471989294	2000
23.389360868576933	2000
23.4469085217952	2000
23.536505311858612	2000
23.64647594985641	2000
23.78362422751959	2000
23.84829637989862	2000
23.85334557448466	2000
24.303679898293602	2000
24.336240383791974	2000
24.487938974793487	2000
24.649655181027732	2000
24.77297655964187	2000
24.918994863935225	2000
24.92107723512155	2000
24.92284388504338	2000
24.98549622263745	2000
25.021878528781343	2000
25.39992321074919	2000
25.68301467449056	2000
25.866257154655248	2000
25.935861256282397	2000
26.15934971322131	2000
26.539820616104095	2000
26.79335368787811	2000
27.110563022823932	2000
27.318236665080317	2000
27.333654818206377	2000
27.581755338489835	2000
27.85072008804099	2000
29.077703188426224	2000
29.077815239683215	2000
29.161696353525414	2000
29.472688907551305	2000
29.890652635882862	2000
30.406436529455895	2000
31.0396991213273	2000
31.21059350748441	2000
31.444019641294865	2000
31.776026687213154	2000
32.01153142478208	2000
32.055841073102634	2000
32.44650292537891	2000
32.91424905991314	2000
33.019979575997944	2000
33.28660105652764	2000
33.65985599357334	2000
33.907641937237216	2000
34.087644772772656	2000
34.2603637043322	2000
34.471240448161424	2000
34.59256322147422	2000
34.73080374854397	2000
34.85860326843277	2000
34.99687302284578	2000
35.46829826600209	2000
35.956748876068204	2000
36.32800836658298	2000
36.41345268594846	2000
36.44534913105661	2000
36.629163237339256	2000
36.86153141181884	2000
37.214178066890106	2000
37.21771335699446	2000
37.45770300985498	2000
38.11420392876722	2000
38.83178454232858	2000
39.123375709350945	2000
39.61865951477151	2000
39.675296642702385	2000
39.75201802798746	2000
39.78209537890212	2000
40.041762684059485	2000
40.356263895632544	2000
40.41087395979419	2000
41.17478886519592	2000
41.19078966566362	2000
41.24871810817609	2000
41.27687883925641	2000
41.413858817677024	2000
41.59107147523898	2000
41.74306521081856	2000
41.87147304870182	2000
41.876186695126435	2000
42.443624302286416	2000
42.61302980034008	2000
42.76449474957598	2000
42.93118640798251	2000
43.065711701025684	2000
43.26886616319987	2000
43.28152439853851	2000
43.53058596780057	2000
44.06077811138724	2000
44.096300657516345	2000
44.49703683554623	2000
44.524716645797746	2000
44.55757902639935	2000
44.571121005885615	2000
45.15097677420132	2000
45.32484544450579	2000
45.46643243910964	2000
45.51186527485042	2000
46.225621170866454	2000
46.244086995897966	2000
46.66259075105001	2000
46.721787827083816	2000
47.374363838858855	2000
47.37759157094164	2000
47.757478558217386	2000
48.099241063032316	2000
48.41566040054107	2000
48.545120566852034	2000
48.981972630080925	2000
49.210611374952244	2000
49.44765485600487	2000
49.450162620122576	2000
49.469975767125874	2000
49.59846162206501	2000
49.6451799169744	2000
49.75599263331849	2000
49.81754440471904	2000
50.24908378859713	2000
50.74419360937047	2000
51.11068936594052	2000
51.53815732679408	2000
51.66824321503184	2000
52.16928399414067	2000
52.85391301561979	2000
53.09847111471617	2000
53.26543169887671	2000
53.30631970083987	2000
53.337583947597494	2000
53.804534190901094	2000
53.826762744880995	2000
53.93991406341979	2000
54.29382597567536	2000
54.34481624767653	2000
54.50867033972481	2000
54.51904469103429	2000
54.670744048197264	2000
54.774736205849905	2000
54.95946815684527	2000
55.066629202681334	2000
55.10041607169815	2000
55.2298790185689	2000
55.455735961919	2000
55.502638980168456	2000
55.63506960875084	2000
56.19593342150731	2000
56.25431723260356	2000
56.26898228440035	2000
56.56090653827875	2000
56.580740791243755	2000
56.888326321280516	2000
57.06199602544389	2000
57.07431912081118	2000
57.14863412233351	2000
57.28328671255201	2000
57.31429056116872	2000
57.41375203963707	2000
58.01031015709563	2000
58.33310613894715	2000
58.340842177859074	2000
58.41388648824801	2000
58.61211514067742	2000
58.80247536343885	2000
58.949780946742926	2000
59.10535780016158	2000
59.11070985546955	2000
59.16550711886414	2000
59.38187185857273	2000
59.474502720129856	2000
59.485864016862045	2000
59.600990066797934	2000
59.731497761265835	2000
59.97263523160736	2000
60.25450988021211	0
60.37053899314505	20
60.40508182374493	40
60.41764759940801	60
60.55613551577341	80
60.66491506335669	100
60.805915557131	120
60.90151493049271	140
60.94055207484738	160
60.94883186320127	180
61.26662212348679	200
61.400710911928535	220
62.03903136603296	240
62.15473522876802	260
62.272023607870175	280
62.491291527789485	300
62.508916176626265	320
62.82515947157593	340
62.89591430496693	360
63.35070807052278	380
63.46589489791736	400
63.58740420030849	420
63.6182148297052	440
63.81192546542158	460
63.929575407480066	480
64.05957797389311	500
64.21563778493345	520
64.56539460870118	540
64.68233584420427	560
64.94963765492643	580
65.79194135067232	600
65.93444173905078	620
65.98993277810322	640
66.04968260869394	660
66.11117728242762	680
66.23337006455971	700
66.23340439274581	720
66.54759473230243	740
66.61385801300304	760
66.6310775050485	780
67.0610595191124	800
67.16303894838444	820
67.18127229791708	840
67.65374767097373	860
67.87845089447549	880
67.89565040813858	900
67.90823562961259	920
67.98091528283761	940
68.15769163947705	960
68.28228960332893	980
68.63977598738423	1000
69.12706374871844	1020
69.34448886446363	1040
69.51471489490523	1060
69.72770570119157	1080
69.91954785522209	1100
70.43985523583827	1120
70.86004882553989	1140
70.86259120163182	1160
71.36245403127808	1180
72.09598421308031	1200
72.4827790119398	1220
72.70346446246346	1240
72.77354372394153	1260
72.99157069601326	1280
73.01107572303845	1300
73.1364724179393	1320
73.13803082639488	1340
73.34566008963411	1360
73.45520610853008	1380
73.72998907427828	1400
73.78576902780488	1420
74.58090631617996	1440
74.91037472549208	1460
75.01264071311903	1480
75.11673520105589	1500
75.18930137975138	1520
75.26646114452797	1540
75.3195102438938	1560
75.47546338802914	1580
75.68241194906624	1600
75.71039993742657	1620
75.82000910293695	1640
76.11426389149315	1660
76.58419399083867	1680
76.8712295952484	1700
76.87166245365864	1720
77.02462738317126	1740
77.0701174702046	1760
77.30404610355374	1780
77.80269253841227	1800
77.84162289336489	1820
78.00106246029206	1840
78.12174873045879	1860
78.23869752681759	1880
78.27941310800914	1900
78.33021915630816	1920
78.96071836925665	1940
79.41095436925674	1960
80.22656377438126	1980
80.24776782246303	2000
80.31352978835213	2000
80.33582601385069	2000
80.35478861791097	2000
80.8611121838217	2000
80.94748155984176	2000
80.99611705674877	2000
81.00838091591983	2000
81.28830733480095	2000
81.3105228045322	2000
81.58137955539266	2000
81.72949880857959	2000
81.90265365416225	2000
82.14464891968412	2000
82.89352884048739	2000
82.92834401272603	2000
83.00002114422026	2000
83.27934285176413	2000
83.33532022926181	2000
83.40623007696254	2000
83.54886265730671	2000
83.93282339211903	2000
84.08658752800412	2000
84.27472435873669	2000
84.3058726137108	2000
84.51095307318776	2000
85.00851974838187	2000
85.82460520205977	2000
85.95773562061866	2000
85.97374831024452	2000
86.0597900875879	2000
86.11024249321599	2000
86.55318541292566	2000
86.58738783945601	2000
86.82004631554864	2000
86.83811263445827	2000
87.23321425525972	2000
87.41895753077654	2000
87.42162707769106	2000
87.56212930730032	2000
87.83338446847314	2000
88.4584642539345	2000
88.7059245834979	2000
88.73818046386427	2000
88.88528807347322	2000
89.12688310654474	2000
89.33977941194584	2000
89.5236690700584	2000
89.65282304105267	2000
89.75320128942323	2000
90.00269450586507	2000
90.5840935220985	2000
90.71469414641331	2000
90.78507082705887	2000
90.93646067278355	2000
91.99528555849214	2000
92.03534572341226	2000
92.46573081037738	2000
92.58914419608898	2000
92.76849610590672	2000
92.80654980648137	2000
93.35839075813006	2000
93.37835842694227	2000
93.55530659925861	2000
94.20157503890663	2000
94.2498445078862	2000
94.64373359881907	2000
94.87239245604621	2000
95.6480536843515	2000
95.74411843751791	2000
96.0425542598658	2000
96.12188626785577	2000
96.44221974544848	2000
96.47712026095883	2000
96.5063798980963	2000
96.67145602705054	2000
96.7418654629922	2000
96.88206680489995	2000
96.97612203223314	2000
97.03803624872737	2000
97.22565229926279	2000
97.55218324062396	2000
97.57475911386126	2000
97.70531441206235	2000
97.70955045261735	2000
97.72825678662633	2000
97.7615109717607	2000
97.86713335127314	2000
98.03388889478677	2000
98.11834294529434	2000
98.23873754807607	2000
98.3492658124927	2000
98.43774319862965	2000
98.53513067968362	2000
98.59353474020764	2000
98.69004177357955	2000
98.86792219417075	2000
99.16568118960836	2000
99.26295751484233	2000
99.42378964662376	2000
99.4808037813096	2000
99.78289323820474	2000
99.92409356711737	2000
100.10056695796823	2000
100.26397672640904	2000
100.44728266354191	2000
100.79684864675347	2000
101.20722926388565	2000
101.23683615134631	2000
101.8183776791232	2000
102.51401285466626	2000
103.07617273110748	2000
103.58491689793189	2000
103.58964179892239	2000
103.59470288663267	2000
104.07791447965724	2000
104.12302086550791	2000
104.13206465707957	2000
104.17114161251077	2000
104.88629041374999	2000
105.20512485934071	2000
105.60383465252002	2000
105.77689987840722	2000
105.90798058759378	2000
106.04475710509587	2000
106.06575558110791	2000
106.35883492734251	2000
106.58280453626995	2000
106.58817148744264	2000
106.89409985680959	2000
107.10859549656679	2000
108.05329778253049	2000
108.1179326825392	2000
108.29072622540173	2000
108.47761723080059	2000
108.48356276720675	2000
108.63184095625718	2000
108.65245374633948	2000
108.81053272686752	2000
108.90383055977529	2000
109.08440133934828	2000
109.48118118480787	2000
109.57870932550203	2000
109.75269284365359	2000
109.85772917595553	2000
110.05995808397232	2000
110.45162356314407	2000
110.5643025471833	2000
110.63085613111213	2000
111.09955078677545	2000
111.25246227321264	2000
111.49470007631778	2000
111.60101491244178	2000
111.62036092855864	2000
111.82481635870987	2000
112.01919437515691	2000
112.12298572982853	2000
112.12580674025371	2000
112.1755872951541	2000
112.25299493436161	2000
112.58885724415737	2000
112.83873219054429	2000
113.03976019504347	2000
113.1839149786553	2000
114.14569644090174	2000
114.38316889721413	2000
114.61028340826658	2000
114.83519331683613	2000
114.8689326124253	2000
115.05022952854496	2000
115.34450046318094	2000
115.35129017705253	2000
115.45923197352212	2000
115.58299733798582	2000
115.82695845610098	2000
115.89275594382914	2000
115.90233701348008	2000
116.13983343531991	2000
116.18612512024036	2000
116.25558475804175	2000
116.5527024085594	2000
116.84166011517891	2000
116.85180710283814	2000
116.92512968611885	2000
117.16002091678259	2000
117.33983116522724	2000
117.43350252073324	2000
117.48333128301844	2000
117.75258671001852	2000
117.84317250405444	2000
118.01540930669525	2000
118.23446239096116	2000
118.55512768395792	2000
118.73280042258814	2000
118.80427192318835	2000
118.83193492573393	2000
119.21076954802291	2000
119.59139286193353	2000
119.73007589579932	2000
120.02010736346463	0
120.16227903801523	20
120.42880368755999	40
120.46479872290442	60
120.64471170307455	80
120.89042911616848	100
120.93986321952845	120
121.29267581966805	140
121.43800286735636	160
121.46385308806377	180
121.61582261168832	200
121.75299405225344	220
122.01438760219325	240
122.06362943124995	260
122.1621945746602	280
123.11410607354134	300
123.60665817098707	320
123.67698259087001	340
123.75166470874039	360
123.93083296672033	380
124.20056753223314	400
124.55204626476696	420
124.65190326042463	440
124.84289138333388	460
124.85765624749737	480
125.02920998242988	500
125.13696753915	520
125.18332465591646	540
125.23668166436008	560
125.25424819598062	580
125.48041848438412	600
125.5631749374054	620
125.64696358040774	640
126.71711750803009	660
126.92857780936622	680
127.02932791439503	700
127.05805317023027	720
127.1314822472066	740
127.29279708202648	760
127.31844051188155	780
127.51915013485517	800
127.83459040374446	820
128.44162445774853	840
128.81657079215805	860
128.91945160503616	880
128.9885696645806	900
129.4170708803822	920
129.70953363261515	940
130.09870388260597	960
130.38934922769457	980
130.9651657743327	1000
131.21261348763576	1020
131.23573902557882	1040
131.28856970825433	1060
131.30407514259286	1080
131.6260216468458	1100
131.75110778270005	1120
131.79264183873929	1140
131.93598498202013	1160
132.27275884343078	1180
132.53091819248328	1200
132.5809700910297	1220
132.71852515075398	1240
132.99884107252365	1260
133.06851290954498	1280
133.44995852242974	1300
133.60468779246952	1320
133.91115075327568	1340
134.03040719058126	1360
134.1600756280294	1380
134.89398853955248	1400
135.10703289063784	1420
135.18004833318182	1440
135.30360381744984	1460
135.32940675825026	1480
135.4616730415024	1500
135.6583160857832	1520
136.01072175270485	1540
136.3806961943548	1560
136.42151899512356	1580
136.4732634506648	1600
136.51277851574184	1620
136.75624254925017	1640
137.02598697481903	1660
137.1436027311107	1680
137.3901828856967	1700
137.59368812403045	1720
137.70434055869725	1740
138.4905441258482	1760
138.66962472497863	1780
139.18929567203185	1800
139.37042949703843	1820
139.46492109456256	1840
139.6872762212534	1860
139.7867102250577	1880
140.5237408151405	1900
140.57856847037664	1920
140.6207908190444	1940
140.67328947783918	1960
141.13389670925164	1980
141.50190326874835	2000
141.85347130219037	2000
141.89431859044657	2000
141.9423530226636	2000
141.9579455795407	2000
142.2308667529316	2000
142.30556275474942	2000
142.7453350331953	2000
143.11241423602868	2000
143.23469000384762	2000
143.50226541024654	2000
143.66565754006695	2000
143.67457414739022	2000
144.26364464028413	2000
144.6455605829104	2000
144.66759723548748	2000
144.75898707028713	2000
145.15006558578128	2000
145.30504013705408	2000
145.32249589785405	2000
145.3449275891901	2000
145.46671323263146	2000
145.5793620955121	2000
145.71557488566933	2000
145.7832377271062	2000
145.78659228112178	2000
146.6405367668536	2000
146.74573819102864	2000
146.9905524117214	2000
147.1125282198105	2000
147.3743907149086	2000
148.11685030947976	2000
148.18290063562804	2000
148.47366200948838	2000
148.62811081630997	2000
149.16448774812662	2000
149.24559580548768	2000
149.37053496041324	2000
149.48871300294803	2000
150.067278551738	2000
150.06892377286485	2000
150.31389018414689	2000
150.33885127969185	2000
150.41517649590438	2000
150.43283407504674	2000
151.32239486306304	2000
151.36593951403032	2000
151.44906008381622	2000
152.01671489237972	2000
152.25477211713928	2000
152.27970822960324	2000
152.31832983012427	2000
152.5718150615435	2000
152.88566134759978	2000
153.02561195716197	2000
153.17426160932973	2000
153.6785838785226	2000
153.67909001227585	2000
154.6507705550936	2000
155.2948470832848	2000
155.3309841254528	2000
155.4428558518788	2000
155.7748716721315	2000
155.8841632983801	2000
155.96853822469083	2000
156.03041371389523	2000
156.1670261593557	2000
156.26526450673651	2000
156.3573236328881	2000
156.40673792237	2000
156.90933863231658	2000
156.98927888870787	2000
157.1045124239864	2000
157.9866430413431	2000
158.0580393157053	2000
158.0893704877952	2000
158.10180469395038	2000
158.25222275799828	2000
158.44487473618972	2000
158.55956314016473	2000
158.6186439626416	2000
158.7302780144381	2000
159.430881676095	2000
159.48758609889765	2000
159.86148887395723	2000
159.93265199771642	2000
159.93364628124502	2000
160.09902901602572	2000
160.11995948169888	2000
160.65079859930262	2000
160.7673020659666	2000
160.94373015226438	2000
161.13597709186743	2000
161.31840686224743	2000
162.01043314675073	2000
162.325462874125	2000
163.1395966753705	2000
163.20161281041436	2000
163.2094733626784	2000
163.27390647893014	2000
163.4302837099027	2000
163.7513672156862	2000
164.06562080132153	2000
164.19045741251225	2000
164.33616745390376	2000
164.74263115194609	2000
164.8286451928879	2000
165.10024492823294	2000
165.1738844107156	2000
165.48652351254032	2000
165.6385376233714	2000
165.64977158856996	2000
166.0423375322478	2000
166.33101316884395	2000
166.41856320891486	2000
166.71433001204431	2000
166.71910262227289	2000
166.82606862610686	2000
167.11177089326853	2000
167.3775541322551	2000
167.49021580259003	2000
167.53929953925314	2000
167.56894999885364	2000
167.71321540453596	2000
167.8177448119282	2000
167.82230846692087	2000
167.939063911262	2000
167.99955079657173	2000
168.08153084403673	2000
168.30410257378398	2000
168.54190752825522	2000
168.9074738326528	2000
168.9810887601767	2000
169.1973530735378	2000
169.2385057062531	2000
169.49500522242022	2000
169.92330307971352	2000
170.09048517321966	2000
170.1842917660183	2000
170.37310246836134	2000
170.40679034146612	2000
170.4098651702639	2000
170.431735541181	2000
170.6153737923003	2000
170.80586740481334	2000
170.95653549590327	2000
171.28617870815657	2000
171.39051314176461	2000
171.9332838916897	2000
172.38996243170232	2000
172.45973152925706	2000
172.88079833516684	2000
173.16623175415702	2000
173.53837936542322	2000
173.57806229322603	2000
173.59953628205707	2000
173.62852512354524	2000
173.75643121184277	2000
173.86421257268844	2000
173.90449622766664	2000
173.9210283481065	2000
173.9415452935771	2000
174.23278892357192	2000
174.47304774735437	2000
174.51877420621443	2000
174.6643254160339	2000
174.75869122640137	2000
174.80000214426053	2000
174.96047160891789	2000
175.05639261681404	2000
175.5068148109886	2000
175.57468917352637	2000
175.7428183027424	2000
175.84900609487923	2000
175.92417859736378	2000
175.97896781470234	2000
176.4482001905183	2000
176.79514015564013	2000
176.94854616221625	2000
177.12458564568726	2000
177.15331681287273	2000
177.5550879908044	2000
177.62878773982317	2000
177.64922976307176	2000
177.67836270446645	2000
177.71321076283283	2000
178.02927192259946	2000
178.06391547949497	2000
178.09062662132487	2000
178.10075384317423	2000
178.2339103915201	2000
178.29945215074443	2000
178.4673833266902	2000
178.47696342914918	2000
178.51562842296784	2000
178.6517078138724	2000
178.66673881470598	2000
178.8918886982988	2000
179.06291222953374	2000
179.32808648551625	2000
179.5089842676228	2000
179.5971288947793	2000
179.60030784896063	2000
179.69852602778616	2000
179.71982193729843	2000
180.00839101193074	0
180.01991641939725	20
180.06663436068123	40
180.1908103685049	60
180.2823511678767	80
180.46936127902688	100
180.76929454180163	120
180.811520877544	140
180.92879601068122	160
181.40656830493344	180
181.40964127329025	200
181.75007714348226	220
182.0456176175403	240
182.24718255876016	260
182.39584515972484	280
182.97105120949396	300
183.77498051423223	320
183.89999375439612	340
184.07714105805587	360
184.30994471072398	380
184.42956273665612	400
184.45189775778806	420
184.7496983702011	440
184.75467433537847	460
184.9403321328239	480
184.9430966201936	500
185.25146947850115	520
185.47918852696836	540
185.5690807902639	560
185.95965928441353	580
186.398558118958	600
186.84786986319838	620
186.85419849311907	640
187.2890568860717	660
187.54217539424386	680
187.80438260270316	700
188.00303371426602	720
188.0258703881149	740
188.07033857617432	760
188.25974236668227	780
188.49240155319342	800
188.94670795715706	820
189.2359268056606	840
189.3891576688522	860
189.77537688349165	880
189.9192455449589	900
190.25287126827257	920
190.53479984042573	940
191.3793901773125	960
191.3829897535466	980
191.73055285024063	1000
192.26447482109705	1020
192.30090697037068	1040
192.30160600127257	1060
192.58897118166166	1080
192.70568366722713	1100
192.71967411513444	1120
192.82298105643082	1140
192.8444196501619	1160
192.87811286033732	1180
193.05480529147468	1200
193.4190096021292	1220
193.73351064956944	1240
194.33467951865845	1260
194.34806537893544	1280
194.38665311814026	1300
194.3994515594258	1320
194.79261247238162	1340
194.99170272117718	1360
195.27613289224593	1380
195.4524378846347	1400
195.46084014208654	1420
195.5109705734444	1440
195.9633015441956	1460
196.02827597419414	1480
196.2701233993369	1500
196.38291979833488	1520
196.44311786606752	1540
196.4457176579334	1560
196.5740845849323	1580
196.5946793471678	1600
196.63586698962067	1620
196.7165941344526	1640
196.75689798851752	1660
196.9356455742736	1680
196.93991828939502	1700
197.12491479718992	1720
197.46080784291885	1740
197.7965447856155	1760
197.99055915089187	1780
198.138098479981	1800
198.29358867833906	1820
198.33433426239415	1840
198.36297168571818	1860
198.56713925610046	1880
198.5755244580699	1900
198.62083349984658	1920
198.62501555411376	1940
198.72995567188846	1960
198.79255099833964	1980
198.86751878889015	2000
199.0624048789084	2000
199.30655437181125	2000
199.8882905276349	2000
200.5336552612158	2000
200.72233804601203	2000
201.10784421099694	2000
201.28167083031514	2000
201.3531540023456	2000
201.36300386086046	2000
201.67831473487618	2000
201.95756673198923	2000
202.10960184984683	2000
202.15636050451315	2000
202.20269531483484	2000
202.2321303360176	2000
202.4355010953214	2000
203.01385332125395	2000
203.27206000952438	2000
204.14394075779254	2000
204.29651742427708	2000
204.30681598959765	2000
204.49124434893608	2000
204.70276586179193	2000
204.7117565006015	2000
204.80849273561046	2000
205.41169516719327	2000
205.61699102080513	2000
205.79623127796128	2000
205.89077820266877	2000
205.9622993630374	2000
206.32974658897155	2000
206.35440003130282	2000
206.5743617163641	2000
206.5980295315363	2000
206.72634871367833	2000
206.92671687790224	2000
206.94349096250522	2000
206.9554160198225	2000
206.95550105930738	2000
207.1968806311939	2000
207.28986878101696	2000
207.51408089662573	2000
207.5159653171698	2000
208.07664504713097	2000
208.17709162847947	2000
208.23692090638838	2000
208.48703105765938	2000
208.80314127076787	2000
208.9297884176065	2000
209.60070211766305	2000
209.67272817426098	2000
209.6873860725034	2000
209.7044442015203	2000
209.7596114422977	2000
209.99498310382762	2000
210.3011217370698	2000
210.51968958065515	2000
210.6040646289668	2000
210.61494075439163	2000
210.6631573102172	2000
210.69554686673138	2000
211.151774742389	2000
211.76838378154358	2000
212.08099824575294	2000
212.40645308488337	2000
212.83868652069708	2000
212.96070242887913	2000
212.99352770758736	2000
213.086382923428	2000
213.11225416938936	2000
213.78708585226207	2000
214.26303420514424	2000
214.4035671483301	2000
214.42308589255202	2000
214.47378083150957	2000
214.93594887687155	2000
215.11953743614941	2000
215.91493120452586	2000
216.0283227807139	2000
216.0309881255416	2000
216.05847934020886	2000
216.29377640936673	2000
216.5036396359984	2000
216.65052947592932	2000
216.78327601661888	2000
216.82616053412312	2000
217.0714137249316	2000
217.12793278819183	2000
217.3414682377734	2000
217.41497436890054	2000
217.43885903327197	2000
217.51611419996723	2000
217.5229618477307	2000
217.87253618357113	2000
217.91773102016268	2000
217.97995051684092	2000
218.10272433651468	2000
218.68373091667	2000
218.86728275840977	2000
219.14450540459572	2000
219.2710981811639	2000
219.4403864319554	2000
219.5021029871003	2000
219.54997574879536	2000
219.80222744689303	2000
220.2021814209401	2000
220.24242745565684	2000
220.72789700094816	2000
220.78072260829288	2000
220.78870001930252	2000
221.16786553759547	2000
221.2270621664394	2000
221.26524618097534	2000
221.35366643701957	2000
221.45469414030197	2000
221.69746690635242	2000
221.76805466858144	2000
221.97199859219592	2000
222.07963298069592	2000
222.23279624454156	2000
222.46057968240652	2000
222.99048996202302	2000
223.35287079927585	2000
223.3618432046379	2000
223.46760053444788	2000
223.48952436632757	2000
223.78134984688498	2000
223.81173031024224	2000
224.31026739965455	2000
224.3678727737428	2000
224.70818474782857	2000
225.2769865842716	2000
225.45889390266365	2000
225.57612097343912	2000
225.64818683455348	2000
225.7383247565948	2000
226.06420209876075	2000
226.24547049773528	2000
226.5761657240138	2000
226.7571793591485	2000
226.80510008163657	2000
226.88010685744482	2000
227.60343329526336	2000
228.25611364170624	2000
228.32228784092973	2000
228.57403218860424	2000
229.42084841459084	2000
229.73272904861213	2000
229.82327962630256	2000
229.9852979973243	2000
230.02334609209584	2000
230.16402485826274	2000
230.23344413954058	2000
230.3684713539051	2000
230.86065629252164	2000
231.2996205248972	2000
231.32863254477292	2000
231.7652032204484	2000
231.84039231881854	2000
231.87269397194393	2000
232.35408322659163	2000
232.61958501930704	2000
232.78453789324644	2000
233.04650275286812	2000
233.0845345439424	2000
233.32053121245937	2000
233.4230682381036	2000
233.80779060238893	2000
234.00326860202637	2000
234.5926035903828	2000
234.79145080023082	2000
235.13991388413467	2000
235.31997994787807	2000
235.36606926256786	2000
235.59137818428414	2000
235.9026927982141	2000
235.9081845250289	2000
235.92337242237696	2000
236.1745176203935	2000
236.35960673872728	2000
236.48419876411444	2000
236.48764743764286	2000
236.55309581279056	2000
237.06728972331976	2000
237.1582714163471	2000
237.62570502498332	2000
237.8140758055721	2000
237.99842407602733	2000
238.4492980524948	2000
238.58719271985962	2000
238.61033607368066	2000
238.75985366869847	2000
238.83033783337467	2000
239.26505030921146	2000
239.3477098972668	2000
239.48461130475243	2000
240.4519689516708	0
240.5529584793169	20
240.6470734474751	40
241.00444609411255	60
241.04756240519689	80
241.34929283502674	100
241.3986495035237	120
241.41170420553698	140
241.4259139826791	160
241.68191824599714	180
241.8554905835124	200
241.8791345125355	220
242.0474262665562	240
242.25336842095342	260
242.2995213826549	280
242.5028476186913	300
242.68781466894157	320
242.84534166978654	340
243.3778953369585	360
243.43244937193344	380
243.54432260024512	400
243.58613234966043	420
243.71698098373437	440
243.7472481870819	460
243.78689912646942	480
243.79753966569098	500
243.82939411905096	520
243.928548744083	540
243.98789199506163	560
244.19510444300118	580
244.23140461638027	600
244.44789192700557	620
244.5205475074945	640
244.64704531713804	660
244.85482224376622	680
244.87364970780743	700
244.87992455269364	720
245.10459308198568	740
245.26487660464116	760
245.53083971976736	780
245.87322419055377	800
246.28104596512415	820
246.33283326365728	840
246.41853086493487	860
246.66062123064015	880
246.97744968750376	900
247.0739753561761	920
247.52648200355864	940
248.0553023480175	960
248.06161320220394	980
248.29112506678572	1000
248.84831620927315	1020
248.89098415092354	1040
249.1028049948096	1060
249.35879555559524	1080
249.42500804937447	1100
249.49904552237663	1120
250.0116900749701	1140
250.24821044263692	1160
250.32622231103474	1180
250.62584557840185	1200
250.63102237938685	1220
251.4161121013827	1240
251.59907136491555	1260
251.7817727199069	1280
251.89072438871906	1300
251.9783003778804	1320
252.74106334361375	1340
252.82921268178004	1360
252.99671333425323	1380
254.0821663368723	1400
254.1179381145149	1420
254.2013624910914	1440
254.42149473323752	1460
254.52315019058025	1480
254.62861936048952	1500
254.63183074972287	1520
254.80198961167608	1540
255.20420835070314	1560
255.27115371533313	1580
255.28511143274633	1600
255.49542042597383	1620
255.7351479706304	1640
255.9638073584899	1660
255.99843548217424	1680
256.1372097422251	1700
256.3827918700439	1720
256.4050062765231	1740
256.4167353758502	1760
257.02498899673986	1780
257.339872675509	1800
257.7310852731848	1820
257.744424259317	1840
257.746898420646	1860
258.0915971891926	1880
258.1480620148199	1900
258.16676097725946	1920
258.37241866843164	1940
258.4606357620155	1960
258.4622092073255	1980
258.52036360462944	2000
259.1096000460099	2000
259.12877671594475	2000
259.2035467672419	2000
259.3508990450184	2000
259.55385072690876	2000
259.6004029796011	2000
259.88939643805	2000
260.24198418486026	2000
260.29622914064294	2000
260.40574220330114	2000
260.5803397367826	2000
260.7235354637486	2000
260.80633674713164	2000
260.853444138208	2000
261.0169454791372	2000
261.4655480364341	2000
261.977018849306	2000
262.15579913880424	2000
262.24196078264225	2000
262.2843217095555	2000
262.3544710078658	2000
262.64890047164573	2000
262.889717493928	2000
263.23497140893664	2000
263.2676997232848	2000
263.76849543128236	2000
263.92907726566426	2000
263.9981133600945	2000
265.20259944821055	2000
265.2093795800529	2000
265.3363600366803	2000
265.4093304073959	2000
265.4554651882216	2000
265.6890398359797	2000
266.12696963844047	2000
266.1973878473346	2000
266.44024830452514	2000
266.45397188868924	2000
266.46096380226453	2000
266.6174104693681	2000
266.6217052227784	2000
266.9205167228169	2000
266.98146095103715	2000
267.24223744620633	2000
267.3223784536605	2000
267.5634934621222	2000
267.69329557505574	2000
267.71982388592744	2000
267.94840641173795	2000
267.96338902157424	2000
268.0047513135784	2000
268.35434832740526	2000
268.4824857818018	2000
269.1584110544758	2000
269.2305331854198	2000
269.25383194083946	2000
269.5183963959362	2000
269.6911063675501	2000
270.14240480500587	2000
270.15901349815846	2000
270.25510675736723	2000
270.6259586325466	2000
271.06642878190087	2000
271.10413852864684	2000
271.12107264083204	2000
271.29966763072724	2000
271.5266145040235	2000
271.62696884746487	2000
272.66943982289587	2000
272.7595799375193	2000
273.15050574662314	2000
274.07068971858536	2000
274.194995353717	2000
274.2123042374238	2000
274.80165437584276	2000
275.00046828397114	2000
275.67010158353065	2000
275.7939870253495	2000
275.801654276901	2000
275.84113401343825	2000
275.8983337693482	2000
275.96431709579315	2000
275.97998503903653	2000
276.16466574034644	2000
276.3225633744714	2000
276.5815960688951	2000
276.8877329088389	2000
276.96519775828426	2000
277.10912201974025	2000
277.11454815413623	2000
277.51529963339345	2000
277.6165300428313	2000
277.64439414794003	2000
277.65123421235796	2000
277.717658342853	2000
277.85025945228443	2000
278.1788610481969	2000
278.2147837366154	2000
278.3735495684523	2000
278.6987549895841	2000
279.0014450974798	2000
279.03707606796314	2000
279.16610283801106	2000
279.3209722997472	2000
280.25923451007	2000
280.48155374215406	2000
280.6318872552134	2000
280.8743135267567	2000
281.26399243704924	2000
281.43776544532017	2000
282.00913496321925	2000
282.1092296110371	2000
282.21800646998486	2000
282.9788220348009	2000
283.49551150620897	2000
283.53263509554046	2000
283.5869213177413	2000
283.5956089080419	2000
283.6852097568381	2000
283.86130192841546	2000
284.164096387983	2000
284.23477269355345	2000
284.29913766029705	2000
284.34910509749835	2000
284.4618802669792	2000
284.6282696640873	2000
284.73880101021155	2000
285.20732365586565	2000
285.6013029703232	2000
285.9870062008911	2000
286.1075608879832	2000
286.46132374283997	2000
286.64248736163773	2000
286.68102680953405	2000
286.9467748073152	2000
287.55893539825763	2000
287.66883972250145	2000
287.8757508367542	2000
287.894281596117	2000
288.1486274814242	2000
288.28244304856213	2000
288.5850288083542	2000
288.62612124963147	2000
288.7532450796735	2000
289.15242486311683	2000
289.2225502681627	2000
289.34012059400635	2000
289.9586569102402	2000
289.96157564266974	2000
289.9887822382377	2000
290.34924152768485	2000
290.876760023277	2000
291.422824987534	2000
291.5370054920093	2000
291.6189365717816	2000
291.73538230886027	2000
292.3931971097192	2000
292.68491772144716	2000
292.8427784503811	2000
292.9588865364986	2000
293.2423177631682	2000
293.30552377097473	2000
293.398092167196	2000
293.4112806939453	2000
293.8493478455542	2000
293.95032542929704	2000
294.1760738935872	2000
294.63015214820376	2000
294.70252185412244	2000
294.7487495018898	2000
294.81075384179553	2000
294.8512538802224	2000
294.95709154079157	2000
295.20023294634024	2000
295.23386750261415	2000
295.2713673655997	2000
295.38069499686026	2000
295.50194711224043	2000
295.7967313575597	2000
295.98213584201716	2000
295.9931708689963	2000
296.12509093036215	2000
296.24948290491477	2000
296.5109376992554	2000
296.8886250469202	2000
297.0277174757074	2000
297.2059041750433	2000
297.4678383210178	2000
297.5423239871277	2000
297.55442868961205	2000
297.5867404330045	2000
297.70456691303445	2000
297.901150607422	2000
297.997613637434	2000
298.46503013207797	2000
298.53712851448705	2000
298.5888143067494	2000
298.6573548266909	2000
298.7374828441299	2000
298.90604594158333	2000
298.9363202003885	2000
299.01550069313384	2000
299.17004096759354	2000
299.198216841412	2000
299.378623988202	2000
299.5064377247679	2000
299.69217861135473	2000
299.7538731036477	2000
299.9797516563327	2000
300.0943104114779	0
300.2015878537394	20
300.2840038961596	40
300.6180576637742	60
300.77643891845133	80
300.7942719286403	100
301.09405714632464	120
301.1860350593041	140
301.31164584625583	160
301.33656205768136	180
301.34332110736	200
301.36599150506214	220
301.4668506197024	240
301.65248878612607	260
301.6819131387183	280
301.7072043759988	300
302.50953081212253	320
302.7536377354671	340
302.90986621690945	360
302.9271940252747	380
303.00586573340485	400
303.03137388781937	420
303.3413698497134	440
303.6361246376091	460
303.69919526443795	480
304.12900720710036	500
304.1309003900155	520
304.2063110972196	540
304.25682407099634	560
304.80672143935504	580
305.0074585291919	600
305.38368505465036	620
305.4732585862426	640
305.8507118439028	660
306.32757783922597	680
306.3391484402259	700
306.39324641690723	720
306.73147268891665	740
306.85030023502196	760
307.17777084794415	780
307.2456137640917	800
307.350208046424	820
307.6055831743272	840
307.68422748668684	860
307.98717665470775	880
308.0500345710109	900
308.1023910682999	920
308.36383367458285	940
308.55055948773935	960
308.72761622321826	980
308.8458955044507	1000
308.91749656602997	1020
308.96500960544034	1040
309.1673452705225	1060
309.3205197587467	1080
309.36108939224573	1100
309.616768360614	1120
309.83174874432245	1140
309.8346939367976	1160
310.1399972467588	1180
310.4246444014348	1200
310.61470946234544	1220
310.8159689699134	1240
310.85990589303464	1260
310.95732058132273	1280
311.9065015906824	1300
312.09498732562366	1320
312.11508120030675	1340
312.7203344203393	1360
313.0405450079416	1380
313.25836778312	1400
313.4047118687157	1420
313.62612207004815	1440
313.8013210699565	1460
314.33802706873195	1480
314.3613156498898	1500
314.50801741042596	1520
314.7276108024676	1540
315.2192510003669	1560
315.31777343153817	1580
315.53539097914063	1600
315.5779816753864	1620
315.583773035991	1640
315.68861309535623	1660
315.8329682319299	1680
316.12199796973715	1700
316.30628379343244	1720
316.43321513766256	1740
316.6753688164547	1760
316.895535619075	1780
316.90527467457684	1800
317.0053507403182	1820
317.35356901598584	1840
317.5081920430959	1860
317.8070057489162	1880
317.9141756446503	1900
318.0742373708922	1920
318.1673291891879	1940
318.50721940995015	1960
318.975838970327	1980
319.1805742094599	2000
319.47372410948736	2000
319.6549178855837	2000
319.9806836558197	2000
320.0494607760578	2000
320.1505498837062	2000
320.4903627157266	2000
320.54139983848734	2000
320.57475890875384	2000
320.87981322662955	2000
320.944057443658	2000
321.0734392201738	2000
321.1127455229727	2000
321.4027023621105	2000
321.60674025309726	2000
321.66548233581665	2000
321.883119216396	2000
322.00540097553494	2000
322.0963546528028	2000
322.09832319938346	2000
322.75939290973105	2000
323.43822190228735	2000
323.5512250712016	2000
323.6679566264834	2000
323.69461513800456	2000
324.0955587195141	2000
324.2089132896129	2000
325.0056144067566	2000
325.24762249504636	2000
325.5646648242725	2000
326.1208293433542	2000
326.5326446090345	2000
326.8353581816971	2000
326.86759313009617	2000
326.93930753144286	2000
327.0107223724508	2000
327.3466530984414	2000
327.70562829727646	2000
328.3786281793102	2000
328.42547961419854	2000
328.8325179367752	2000
328.8562346851945	2000
328.8618765952217	2000
329.1983283853108	2000
329.2404797277483	2000
329.46554375344436	2000
329.66966890694596	2000
330.24186713921745	2000
330.2652511942937	2000
330.7229726656906	2000
330.73282175255326	2000
330.9705032036264	2000
331.15778707049384	2000
331.20582709762584	2000
331.2296066087483	2000
331.39907340174574	2000
331.4182173510016	2000
331.4223648194311	2000
331.42735137912877	2000
331.9480426672845	2000
331.9525045922902	2000
331.9780484315179	2000
332.01944405228875	2000
332.301259797618	2000
332.3661209883396	2000
332.5567532698741	2000
332.7961444096246	2000
332.8650261003209	2000
333.99403373983614	2000
334.09485067957536	2000
334.30623283960887	2000
334.34257964195984	2000
334.34300034799105	2000
334.41226911937633	2000
334.707444129897	2000
334.72008716890116	2000
334.80354636717124	2000
335.0278099879835	2000
335.03667596442295	2000
335.24222973245645	2000
335.7195338270573	2000
335.7222663800895	2000
335.9272234462324	2000
335.95014792296195	2000
336.5951143997427	2000
336.61781915354135	2000
336.78347197468685	2000
336.8358271340769	2000
337.48060728025143	2000
337.829269340264	2000
337.8588408917645	2000
337.8662799503116	2000
338.0639268201988	2000
338.28366278884397	2000
338.3455765566114	2000
338.73612212263305	2000
338.78234067963547	2000
338.9729370677071	2000
339.2857698648474	2000
339.62230797338	2000
339.65137857041657	2000
340.1703030314295	2000
340.44516159663453	2000
340.44678426769747	2000
340.55869770658416	2000
340.921452721252	2000
341.0185106643917	2000
341.5168411465916	2000
342.1300158060417	2000
342.30796585609477	2000
342.31246788398926	2000
342.44379589371636	2000
342.48302402006743	2000
342.50875304171933	2000
342.6444087707148	2000
342.6706721479564	2000
342.81320860274394	2000
342.9101346774501	2000
342.97223073750905	2000
343.1019414557934	2000
343.2878573052316	2000
343.44430795338445	2000
343.4670376507403	2000
343.6764646006664	2000
343.99819921737117	2000
344.29401855826114	2000
344.47636370244504	2000
344.54446970491074	2000
344.73558036697517	2000
344.9507618755976	2000
345.07009200256164	2000
345.0932122047591	2000
345.13222799343214	2000
345.4620040171821	2000
345.6951453227723	2000
345.81423802135026	2000
346.72831796014503	2000
346.8490383803143	2000
347.20029819679166	2000
347.2720891948518	2000
347.30371222229996	2000
347.5109968153277	2000
347.5753740922051	2000
347.71277931937846	2000
347.8444637481719	2000
348.4982872875431	2000
348.6193201700193	2000
348.70108213101014	2000
348.82884402086836	2000
348.964600156481	2000
348.98896093337794	2000
348.9907218127336	2000
349.2333012063806	2000
349.617201810589	2000
349.99644606380167	2000
350.17610052982724	2000
350.18601332104464	2000
350.24009557033565	2000
350.28703173641816	2000
350.37469411625347	2000
351.21462251943933	2000
351.52266336090673	2000
351.5437552116248	2000
351.56735617579585	2000
351.65240122225464	2000
351.72614880451346	2000
352.04539706787926	2000
352.0769863774407	2000
352.2746735657947	2000
352.34369323988886	2000
352.7198260178595	2000
352.7373857065577	2000
353.1456233600771	2000
353.3223432314635	2000
353.32399623723273	2000
353.42969390001383	2000
353.8075006384616	2000
353.89173728921054	2000
354.01574504846366	2000
354.51342049122206	2000
354.53357390965783	2000
355.04753614311437	2000
355.06732414198126	2000
355.3671240054764	2000
355.82093690945703	2000
356.02945506664526	2000
356.15975026768876	2000
356.2833746944459	2000
356.5515326117081	2000
356.59101091391983	2000
356.63746064448003	2000
356.82843159036486	2000
356.90750097563705	2000
357.2112387894419	2000
357.46365970702243	2000
357.56985585385524	2000
357.63624768603245	2000
357.76591800072697	2000
359.07722075353365	2000
359.31841513033527	2000
359.5163013365864	2000
359.5297112559871	2000
359.95468448157396	2000
360.239822585152	0
360.48022952973145	20
360.61238389180795	40
360.7416104655857	60
360.8233181655171	80
360.97597249851526	100
361.1041328474194	120
361.3712939881716	140
361.56082913562557	160
361.74891706446357	180
361.75391314283485	200
361.79572019803925	220
361.9177427216408	240
361.99204521745804	260
362.4347271281579	280
362.49413162680975	300
362.69855003849756	320
363.35559551206006	340
363.6001860793428	360
363.8261336753457	380
363.9306340005748	400
364.09253507417816	420
364.0932688444024	440
364.50154136193265	460
364.5754931739137	480
364.5871954823288	500
365.0367808821971	520
365.13789619540097	540
365.2010618353855	560
365.34671170904784	580
365.44855323669674	600
365.5682200769021	620
365.91594790638663	640
365.97441656630576	660
366.1333301819659	680
366.25122482922336	700
366.66809370047145	720
366.6895354787536	740
366.7146182904744	760
366.9578350980168	780
367.2778539481866	800
367.76948983140437	820
367.86772759609175	840
367.93277556018023	860
368.1003939362037	880
368.3951996364364	900
368.5222970300443	920
368.5451325825348	940
368.9133759987388	960
369.1098569614895	980
369.13982114806475	1000
369.4015917855425	1020
369.42093874170223	1040
369.9880295797981	1060
370.40025588483155	1080
370.47534354235853	1100
370.5349290779874	1120
370.6773458089758	1140
370.89901972417124	1160
371.27593503852177	1180
371.4612424879489	1200
371.48942674843744	1220
371.6261788815564	1240
371.74068657058206	1260
372.6965840940359	1280
372.7652857428083	1300
372.7653551836959	1320
372.9499946421623	1340
373.09236622314125	1360
373.1399507037064	1380
373.2702125788145	1400
373.3111742390177	1420
373.44084933229	1440
373.6482860402139	1460
373.70173571149405	1480
373.7368225349999	1500
373.9884421063171	1520
374.540400234434	1540
374.73244168064684	1560
374.89831927681684	1580
375.0840253001945	1600
375.37243779691505	1620
375.7695098424688	1640
376.5945951421981	1660
376.8224202233976	1680
377.187476935119	1700
377.26247434026175	1720
377.8328303237645	1740
378.1316518176203	1760
378.20132967007993	1780
378.7558798965251	1800
379.17136101160014	1820
379.3413777639628	1840
379.7951715775425	1860
379.9284111684099	1880
380.1299889034007	1900
380.31437943956274	1920
380.705272223725	1940
381.0556973271547	1960
381.09659797618735	1980
381.4677045256205	2000
381.7732639859918	2000
381.9427112638272	2000
381.9772524195269	2000
382.06336438009487	2000
382.1411732839594	2000
382.16037377868787	2000
382.1635856469335	2000
382.26599836606783	2000
382.4572244421388	2000
382.64641540162916	2000
383.3497647908588	2000
383.411261502324	2000
383.58174425120274	2000
383.59081972313675	2000
383.7036544014638	2000
383.87450129402094	2000
384.4279619593371	2000
384.6663957862112	2000
384.6724634600107	2000
384.7345376257643	2000
385.21016455558475	2000
385.28033390822134	2000
385.4206194652553	2000
385.51000520089104	2000
385.5183891917719	2000
385.59975264348105	2000
385.6211360423303	2000
385.8369490562287	2000
385.86763741364285	2000
385.89792179232546	2000
385.9283054716217	2000
386.0214432023343	2000
386.5925137068193	2000
386.79178618338506	2000
386.8133505744217	2000
386.88589904001395	2000
387.0865053164065	2000
387.3378592140747	2000
387.3453011942741	2000
387.38613182460256	2000
387.6904259949449	2000
387.90439233528855	2000
387.90521660367136	2000
388.2279622697127	2000
388.4637836687679	2000
388.54940038030867	2000
388.82242744989276	2000
388.9693664021131	2000
389.04479005932365	2000
389.4305057585043	2000
389.4816409489662	2000
389.5136142916998	2000
389.60063489189287	2000
389.6907852823751	2000
389.84108644335566	2000
390.27924514043707	2000
390.3153055641783	2000
390.3819633797258	2000
390.78470513784424	2000
391.1583998459802	2000
391.26773865946245	2000
391.4612643851914	2000
391.46302104470874	2000
391.9372780008356	2000
392.0554201607813	2000
392.057150834367	2000
392.0615602080669	2000
392.3273203585346	2000
392.37593102667813	2000
392.4359002758105	2000
392.66192016466397	2000
392.83254514806066	2000
393.1216596629981	2000
393.2371683443351	2000
393.5931700508317	2000
393.71880506284646	2000
393.9418052510966	2000
394.2871975673387	2000
394.6231278693258	2000
394.63748345059645	2000
394.80997825096404	2000
395.17238141066895	2000
395.2071044241806	2000
395.38335797474804	2000
395.8018722198397	2000
395.83270095988274	2000
396.01674993910615	2000
396.2330429865431	2000
396.3234756774459	2000
396.47611033892514	2000
396.72735842310254	2000
397.00273457937806	2000
397.0079799596943	2000
397.1267603027243	2000
397.48474105633653	2000
397.67871282390274	2000
397.78899191480957	2000
398.0360816245983	2000
399.11331851233064	2000
399.3829587655733	2000
399.6966375328678	2000
399.79467754006464	2000
399.88697763292015	2000
400.7713230020763	2000
400.8884147853272	2000
401.4502683364792	2000
401.4923456127749	2000
401.5851607950235	2000
402.1452542317767	2000
402.22680028530584	2000
402.2678080283528	2000
403.349231497829	2000
403.41944941421093	2000
403.63961234358436	2000
403.77772411542855	2000
403.8157524352464	2000
403.93761169747216	2000
404.0475457278489	2000
404.58655180291834	2000
404.6780524237016	2000
405.5656470416926	2000
405.710249845548	2000
405.7341598356255	2000
406.0611587618076	2000
406.14085816595235	2000
406.1492700245606	2000
406.34024160799544	2000
406.3431337137593	2000
406.34361329655525	2000
406.5007840634099	2000
406.54054628064705	2000
406.6365499068996	2000
406.65594902550544	2000
407.0333892060746	2000
407.0484166461997	2000
407.17229193834385	2000
407.5834860100843	2000
407.66266861210147	2000
408.2047733260276	2000
408.6070458119441	2000
408.6383774771769	2000
408.8358638189981	2000
408.93867710680416	2000
409.2358976832291	2000
409.4403026733795	2000
409.5474794861672	2000
409.6892960052182	2000
409.93069202978	2000
410.0030182925322	2000
410.0481187215324	2000
410.11520922687873	2000
410.4588315824779	2000
410.50210324509135	2000
410.6704678556677	2000
410.7032826209123	2000
410.7127407332801	2000
410.71716530780174	2000
410.908207346155	2000
411.1094978854285	2000
411.3031277191487	2000
411.5976322535005	2000
411.8416908205406	2000
412.6262048013901	2000
412.7205329507819	2000
412.90787619657556	2000
412.9466410339226	2000
413.0669211084872	2000
413.16697157435465	2000
413.308922317691	2000
413.3639467176201	2000
413.4254846344317	2000
413.5243084278065	2000
413.5909647683783	2000
413.72985706245464	2000
414.23737907833805	2000
414.620258681487	2000
414.6352871671536	2000
414.8903988050768	2000
414.8951298735828	2000
414.98508376692877	2000
415.01477687122724	2000
415.0429365649224	2000
415.5215421371798	2000
415.56084931779213	2000
415.6350897842746	2000
415.68057320576696	2000
415.87815347206373	2000
415.97303553451746	2000
416.0461738309886	2000
416.16050064598585	2000
416.20829730750313	2000
416.20961941854273	2000
416.4127126522229	2000
416.5610382552302	2000
416.68696843244084	2000
417.5769445244581	2000
417.58285286588983	2000
417.63025459006417	2000
417.8037050001882	2000
418.0330865391912	2000
418.04044666384766	2000
418.3309007129544	2000
418.6838291038781	2000
418.85352384183716	2000
419.06064313961974	2000
419.28711078967405	2000
419.3168167408319	2000
419.3693574347746	2000
419.9473456471129	2000
420.227127229706	0
420.29811513217277	20
420.466520822184	40
420.4992705053942	60
420.5428695021543	80
420.8475684903385	100
421.19878988643546	120
421.3472673441591	140
421.56550204115445	160
421.5923742461214	180
422.23028658912375	200
422.3612068764388	220
422.3628490067141	240
423.6269526190133	260
423.6544858401814	280
424.0519749166086	300
424.1666560282753	320
424.4525266579531	340
424.6509722708724	360
424.7754937607565	380
424.8226741134199	400
425.25485644179884	420
425.34380710579273	440
425.6092151828339	460
425.8096263719015	480
425.8492775143994	500
426.07916796787623	520
426.1059517264248	540
426.2700115972265	560
426.45468120197665	580
426.62821252796635	600
426.9398727726038	620
427.1447475123402	640
427.3619584764065	660
427.50588274145434	680
427.84585060933216	700
428.05660291207874	720
428.0597600181018	740
428.701350403079	760
428.75727363641334	780
429.1370551294418	800
429.4343614010631	820
430.05602372802014	840
430.17885717656463	860
430.3295373725766	880
430.63981356526165	900
430.76668899087423	920
431.00686661033524	940
431.0102277949311	960
431.2244046199746	980
431.34698563208866	1000
431.42916822835633	1020
431.4896401152785	1040
431.5713598050457	1060
431.5741012281497	1080
431.7904247478051	1100
432.059361863577	1120
432.0840560497961	1140
432.2987622939491	1160
432.47694519566204	1180
432.4923482159968	1200
432.5451875234754	1220
432.61453281849293	1240
432.94598623503396	1260
432.9962698943872	1280
433.3179092356159	1300
433.34865773201426	1320
433.3933629740906	1340
433.44375686235094	1360
433.53502249309844	1380
433.80710701855924	1400
433.98694177427325	1420
434.1951718308671	1440
435.2755447500778	1460
435.4157037878998	1480
435.54772209035787	1500
435.8233829274088	1520
435.85725464445295	1540
435.91473281969627	1560
436.06301787859235	1580
436.1549265455136	1600
436.1585022579549	1620
436.27399986750424	1640
436.29975822792926	1660
436.3877243701586	1680
436.5743987079032	1700
436.705994685334	1720
436.7437062873632	1740
437.34776598715615	1760
437.61641665398747	1780
438.0616944592419	1800
438.07426538621803	1820
438.1439003867518	1840
438.50065709119525	1860
438.68999014450134	1880
439.24765441161026	1900
439.3191466358333	1920
439.56948967872955	1940
439.67916877214344	1960
439.8049462672319	1980
440.10536236863663	2000
440.25813117533204	2000
440.79587888802325	2000
440.81276955817157	2000
440.83431191560555	2000
440.8721920925603	2000
441.22985688894926	2000
441.2498775348108	2000
441.6785744230319	2000
441.75742452257555	2000
441.8001486825418	2000
442.1882594796366	2000
442.4279816586562	2000
442.5214660839135	2000
442.9684565479598	2000
443.16049819516377	2000
443.263178700543	2000
443.5135430260867	2000
443.547310583281	2000
443.59366397263767	2000
444.0049668686799	2000
444.06420649908216	2000
444.13405151370216	2000
444.3315166128111	2000
445.1120676706299	2000
445.4741377382892	2000
445.6709384972272	2000
445.67774682333385	2000
445.68090281638234	2000
445.76238888542434	2000
446.0801840571314	2000
446.22132189755973	2000
446.93594910847816	2000
446.99248722808477	2000
447.0457550005101	2000
447.1793910571077	2000
447.2936390044008	2000
448.21297875281823	2000
448.43988185115404	2000
448.4545118675017	2000
448.7686220452426	2000
449.0592292231802	2000
449.08774884822145	2000
449.58070330871396	2000
449.6463836660709	2000
449.8174643144979	2000
449.98748057010243	2000
450.0136232180058	2000
450.13012796045814	2000
450.1859761637731	2000
450.44343040370046	2000
450.6890652372755	2000
451.18395212451617	2000
451.31647176154996	2000
451.94796271874384	2000
452.32293947503655	2000
452.4203687895199	2000
452.4614476099589	2000
453.6416150269571	2000
453.96444861376034	2000
454.0562286293968	2000
454.3383300339649	2000
454.9668816659218	2000
455.5477416846342	2000
455.68660271370356	2000
456.03836407025494	2000
456.52073202848237	2000
456.75228393716384	2000
456.88566767663355	2000
456.941472050158	2000
456.9497156967081	2000
457.3161340397209	2000
457.4826846282751	2000
457.6061760194502	2000
457.702207590036	2000
457.75846373644004	2000
458.00458352782385	2000
458.01134697776104	2000
458.21083235590754	2000
458.65722036665375	2000
458.82111989179623	2000
458.88402233320153	2000
459.1583351800219	2000
459.3470307519426	2000
459.4807173164738	2000
459.61204218318335	2000
459.63252567225425	2000
459.97293989072944	2000
459.97701974112726	2000
460.0264370588312	2000
460.59129356716	2000
460.7824708830607	2000
461.0614849876601	2000
461.30099930291846	2000
461.31085200135306	2000
461.35635490329815	2000
461.46079824300466	2000
461.6597522612827	2000
462.0055091841562	2000
462.15324159999216	2000
462.3810134054526	2000
462.5370706020474	2000
462.59855912358614	2000
462.8672802228855	2000
463.5095983372318	2000
463.68678165488444	2000
463.7484219591334	2000
463.853980577117	2000
464.65483165353794	2000
465.5603446361292	2000
465.7456716162388	2000
465.955233870219	2000
466.02437567261615	2000
466.0675556267263	2000
466.2781242732257	2000
466.55221787773405	2000
466.852646718519	2000
466.87528164229735	2000
467.0122467494522	2000
467.2841189241164	2000
467.7886967112737	2000
467.9236665475587	2000
468.0177319049878	2000
468.04615298891343	2000
468.0712834671275	2000
468.59275306237333	2000
468.798319217479	2000
469.03237179812436	2000
469.12065071407136	2000
469.16744784510655	2000
469.2109336600271	2000
469.9481271953062	2000
469.9701573428966	2000
469.9714300577227	2000
470.22571922914096	2000
470.25563978332536	2000
470.47082810971557	2000
470.511067754811	2000
470.70506521312933	2000
470.76369996204664	2000
470.9783610837624	2000
471.34181689988856	2000
471.49749640733853	2000
471.9483764603161	2000
472.1662370936615	2000
472.196473604815	2000
472.3102351044106	2000
472.4150273351851	2000
472.4669786645534	2000
472.47606986262207	2000
472.8144527395596	2000
473.19931062662073	2000
473.89670020447284	2000
474.0198273080132	2000
474.18200972807034	2000
474.2932293241427	2000
474.50914993002596	2000
474.532207648058	2000
474.53780345242086	2000
474.68125154494413	2000
474.95071712614936	2000
476.28280916731023	2000
476.5496772388403	2000
477.32632596643253	2000
478.0608084417245	2000
478.0981515880569	2000
478.19391122885	2000
478.3633164085377	2000
478.5605635447766	2000
478.63616246265724	2000
478.98340294322594	2000
478.99292626270505	2000
479.1848975059776	2000
479.2609619551159	2000
479.2831499088526	2000
479.31703524304623	2000
479.5543217143199	2000
479.8362732791047	2000
479.84877024334804	2000
479.867603982898	2000
479.89959730901927	2000
480.03896198853073	0
480.14197361870305	20
480.5445719032073	40
480.73858917932193	60
480.8403622987164	80
480.8592816540571	100
481.13307346856874	120
481.3373159914382	140
481.54282117890637	160
481.54681544273393	180
483.0713830500225	200
483.3824506950737	220
483.41614361647447	240
483.4574910222653	260
483.59585696549954	280
483.86046370833986	300
483.89269043975986	320
484.24789481407197	340
484.46632173031236	360
484.70839873631775	380
484.76415079941887	400
485.6498167263571	420
485.7771562164585	440
485.85579641316843	460
486.20905117243876	480
486.34297206148165	500
486.6154048226823	520
486.8044637905843	540
486.8538266939879	560
486.9353218010022	580
487.05589673889085	600
487.1028539869758	620
487.2712308644489	640
487.40831275483623	660
487.90375701425114	680
487.95920634501977	700
488.41841864292525	720
488.6601374724548	740
488.71710063780233	760
488.7297557477087	780
488.87054218342035	800
489.4623640961992	820
489.77635719785474	840
489.86126439517767	860
490.09081325387405	880
490.1937709703159	900
490.4670994536347	920
490.6167859983091	940
490.776895520081	960
491.0293290104506	980
491.79638965207863	1000
491.91038300125496	1020
491.9503550821146	1040
492.0455421363695	1060
492.42907286128883	1080
492.9512134196998	1100
493.00262748274207	1120
493.27132338735305	1140
493.8014374626796	1160
494.1209446962793	1180
494.1708364472574	1200
494.30861537551124	1220
494.3277618254608	1240
494.48856496074774	1260
494.4894902833597	1280
494.55003042466467	1300
494.7988086178242	1320
494.8856448573167	1340
494.9742837877129	1360
495.211928122311	1380
495.3340842952247	1400
495.43913554452587	1420
495.6328454186094	1440
495.6378397390936	1460
495.7176647391744	1480
495.7402502127251	1500
495.8340800351962	1520
495.9628248881293	1540
496.0321619845238	1560
496.2155392691445	1580
496.90303764677805	1600
497.141799007387	1620
497.392215076484	1640
497.46222267404505	1660
497.68931220215495	1680
497.8330433669121	1700
497.91036135509825	1720
498.0960146420947	1740
499.0625090509316	1760
499.2696663631423	1780
499.56223417072437	1800
499.80199967645484	1820
500.5658849044464	1840
