time(seconds)	aggragete Attack(Mbps)
0.07106140443764662	20
0.2400311801692011	40
0.3611183962086296	60
0.46646075098032913	80
0.4787722884468567	100
0.5271148770737059	120
0.7824231347801479	140
0.8307120303313554	160
0.9673811514565098	180
1.2045835422770346	200
1.5322643625609356	220
1.8701132873484947	240
2.2542308590764066	260
2.2657888278844314	280
2.3258745660585123	300
2.3491892810229484	320
2.692144761820382	340
2.81027634890348	360
2.9153954831319178	380
3.1287694404641906	400
3.6105357965070204	420
3.630538952094868	440
4.121140615191091	460
4.194811919689948	480
4.595022453918324	500
4.902023621748615	520
5.3409136771528365	540
5.375733863180515	560
5.448391956841647	580
5.4930618243798355	600
5.89356725500557	620
6.046994585111273	640
6.203612981251837	660
6.222785227066995	680
6.312373823836101	700
6.333827964366193	720
6.345573775739243	740
6.437821496469889	760
6.481376632558436	780
6.506374771270876	800
6.611807659971728	820
6.863554962624393	840
7.288965803044779	860
7.492649464879896	880
7.535515874832226	900
8.826326749057856	920
9.024777467654548	940
9.10424719524497	960
9.277870077120012	980
9.723532928790902	1000
10.276177376155754	1020
10.285633422598522	1040
10.543126426722484	1060
10.72088392146063	1080
10.875968986051433	1100
11.118196138107951	1120
11.140242928502083	1140
11.150049112750649	1160
11.329459727488603	1180
11.425683376751316	1200
11.555034892058835	1220
11.947766349956131	1240
12.10067466241404	1260
12.220988744841744	1280
12.495465339901507	1300
12.708157134725218	1320
13.06078000507478	1340
13.062949165821186	1360
13.148936161985418	1380
13.385638275411893	1400
13.471568496837783	1420
13.551248375734831	1440
13.597565746519528	1460
13.763394476592309	1480
14.407326406950546	1500
14.454749899912931	1520
14.795865040644705	1540
14.858780999832224	1560
15.036097564537853	1580
15.28175615745087	1600
15.769500623156132	1620
15.804180217313126	1640
16.157578106391053	1660
16.189358273522156	1680
16.206246233017286	1700
16.755145201265755	1720
16.890600622774652	1740
16.981770036109474	1760
16.98569854993225	1780
16.990607810865843	1800
17.230754478335978	1820
17.324170755395322	1840
17.369474185107745	1860
17.420940064705352	1880
17.669965860071308	1900
18.596665863720094	1920
18.618682714059492	1940
18.64847894411978	1960
18.82412433467581	1980
18.872765987842644	2000
19.02582779029397	2000
19.21381565879966	2000
19.365747955658414	2000
19.36938335785051	2000
19.512376033323015	2000
19.610455801030344	2000
19.864430261371933	2000
20.100750625275992	2000
20.296640621078236	2000
20.339366007855805	2000
20.52704150508661	2000
20.638135303870506	2000
20.698878008265318	2000
20.847068154042283	2000
21.103007226819482	2000
21.33770494765566	2000
21.626505145521854	2000
21.637735423159498	2000
21.719542882949487	2000
21.8509063309488	2000
21.92775210748869	2000
22.84986293956271	2000
22.977481562398086	2000
23.24329427344307	2000
23.425776038746953	2000
23.634651968757495	2000
23.795057164429963	2000
23.857397411155166	2000
23.90780173057148	2000
23.909144097248788	2000
23.971379104493835	2000
24.00490392144995	2000
24.104438119460394	2000
24.391480879659838	2000
24.8603170708238	2000
24.913654360928767	2000
24.918452402321183	2000
24.930075550712957	2000
25.172127541741435	2000
25.351292374995815	2000
25.35816945249784	2000
25.512955277086785	2000
25.58263964277018	2000
25.95892296815408	2000
26.48370388141974	2000
26.668106800310493	2000
26.91789071464332	2000
26.931216682644138	2000
27.120708942739167	2000
27.14799246103515	2000
27.186385351153703	2000
27.378076022370607	2000
27.43692981089741	2000
27.915284886503684	2000
27.945264050172007	2000
28.00777750370859	2000
28.02334576386894	2000
28.083429529692726	2000
28.195663736491305	2000
28.569188388035748	2000
28.85784296153733	2000
29.360534297306305	2000
29.720416919999916	2000
30.4912069418803	2000
30.57556425442186	2000
30.903474369613896	2000
30.966392367448886	2000
31.324789947219752	2000
31.481777949408794	2000
31.553701661388875	2000
31.90748012131053	2000
32.825508985320056	2000
32.90963259692142	2000
32.9177530036901	2000
33.054385980893585	2000
33.150544721804906	2000
33.61468514823142	2000
33.919128322899205	2000
33.94191793796738	2000
34.03282854428349	2000
34.08707276819803	2000
34.85383161582562	2000
34.96663932670708	2000
35.069605413346956	2000
35.08928467919597	2000
35.15657786627055	2000
35.37333104437305	2000
35.581735384370496	2000
35.936217711520484	2000
36.135899618917286	2000
36.17973594175158	2000
36.66632596322675	2000
36.71161196792312	2000
36.76691755905773	2000
36.78262678923001	2000
37.040425930565156	2000
37.13166918858742	2000
37.151499640761834	2000
37.24971945352472	2000
37.62093539563718	2000
37.63726986614423	2000
38.37555783920518	2000
38.73030159902022	2000
38.89081331007566	2000
38.92825069661963	2000
39.011617428490624	2000
39.163370460705686	2000
39.16458247479975	2000
39.28644665952574	2000
40.05007397651583	2000
40.15762343213904	2000
40.207815146109056	2000
40.266104992648934	2000
40.4440968086725	2000
40.86564603139127	2000
41.436354133587585	2000
41.70498786092086	2000
41.90114364351895	2000
42.77235545549622	2000
43.014784544023826	2000
43.10984284361186	2000
43.13407477996468	2000
43.31806460340089	2000
43.43925432792564	2000
43.641704024004056	2000
44.24269223518568	2000
44.25505901648318	2000
44.333569104944225	2000
44.40052652435188	2000
44.554863732626366	2000
44.579775389616266	2000
44.75044662131186	2000
44.926147805874905	2000
45.02459878997425	2000
45.19836556341035	2000
45.444536308352895	2000
45.51275320720871	2000
46.01384276286309	2000
46.20490640899437	2000
46.25319058807478	2000
46.76703402967229	2000
46.88714587856618	2000
47.053889101108155	2000
47.1553735853191	2000
47.17978090044217	2000
47.32360778568574	2000
47.60772820800884	2000
47.66816294902734	2000
47.88613487515726	2000
47.920465462267025	2000
48.307493220698674	2000
48.32281916188413	2000
48.549560780624674	2000
48.599608911246094	2000
48.71824339313622	2000
49.011862611771456	2000
49.037344596313886	2000
49.045329199585	2000
49.196075530335385	2000
49.227320582002314	2000
49.25839485792015	2000
49.64572408219268	2000
49.740888209208	2000
49.91960604237869	2000
49.98805539596185	2000
49.989064169307575	2000
50.240055309197004	2000
50.31049693307283	2000
50.32135365751579	2000
50.51156423301715	2000
50.70746017802942	2000
51.17344068357229	2000
51.20809119176076	2000
51.41180172755203	2000
51.67394615851699	2000
51.80092034177864	2000
52.19051154292312	2000
52.531403541772455	2000
52.868166865393505	2000
52.94028427677249	2000
53.183543881769346	2000
53.232366603789785	2000
53.33071757028055	2000
53.929085939776456	2000
54.04523552555409	2000
54.13080187206706	2000
54.345368808405354	2000
54.424889595478554	2000
54.8345781468649	2000
54.95611706815801	2000
55.18631759806435	2000
55.49421660781416	2000
55.5397420186656	2000
55.577328094381954	2000
55.87828320987938	2000
56.208364330932504	2000
56.44553727889216	2000
56.65325241838869	2000
56.66761499803578	2000
56.75083920059	2000
56.755319587490995	2000
56.84957766455566	2000
56.91819110613174	2000
57.071100855438765	2000
57.16285865129789	2000
57.304912155882704	2000
57.54972561203447	2000
57.76171829529283	2000
57.767071027585324	2000
57.8703350015152	2000
58.15085269256473	2000
58.223044438379404	2000
58.606037917181744	2000
58.62658356171893	2000
59.19961385784591	2000
59.252439989605236	2000
59.34428517352373	2000
59.562664986256706	2000
59.63867268289132	2000
59.710249209451305	2000
59.89780963841228	2000
60.28771801327714	2000
60.68614022594465	2000
60.770274205958465	2000
60.91749259741062	2000
61.072304717680815	2000
61.30269326723171	2000
61.888892768484006	2000
62.090307055415465	2000
62.10382097066026	2000
62.21813151704119	2000
62.46779443911942	2000
62.61138239343635	2000
63.19220851322314	2000
63.32779679554333	2000
63.33436156037756	2000
63.51538155376519	2000
63.785080647636185	2000
64.43921827127042	2000
64.4522115742723	2000
64.64041301066048	2000
64.92577284748987	2000
64.95380559902986	2000
65.01039554247531	2000
65.02815957220498	2000
65.32652996037667	2000
65.63934715035784	2000
65.68804452474804	2000
65.75188278345895	2000
65.87763798674868	2000
65.95996368646551	2000
66.21104388183244	2000
66.33468429898166	2000
66.37184357280923	2000
66.37220787278997	2000
66.82144732938869	2000
67.0312677107803	2000
67.18292310937139	2000
67.37150575216606	2000
67.436982204015	2000
67.50896485851194	2000
67.53655558775843	2000
67.66959875535431	2000
67.68286185867737	2000
67.7227560468168	2000
67.73027875206806	2000
68.26405206090615	2000
68.38792948865445	2000
68.66292322086173	2000
68.78773609952306	2000
68.80993031729781	2000
69.26260114156409	2000
69.29400295998185	2000
69.82321936710471	2000
70.4124572332089	2000
70.44782253725796	2000
70.60375882472283	2000
70.60482993732994	2000
70.97039027361099	2000
71.64269662876197	2000
71.95338926142587	2000
72.10744310681788	2000
72.71920678204376	2000
73.22097102603615	2000
73.30329336450848	2000
73.31217961109752	2000
73.41953203300434	2000
73.75490256885281	2000
74.26991218966988	2000
74.47251783861088	2000
74.4909816999884	2000
74.78166154809088	2000
74.82978174401273	2000
74.84505425968376	2000
74.94540984919666	2000
75.66726468355428	2000
75.80753330667325	2000
75.90372201999979	2000
75.98223082521886	2000
76.01338118698543	2000
76.39291454374202	2000
76.42071275332447	2000
76.44485700463036	2000
76.86557464438535	2000
77.00330691789125	2000
77.13884697463806	2000
77.47857593984142	2000
77.66492545740338	2000
78.18317516895286	2000
78.19254694635207	2000
78.19584670171362	2000
78.22513656418943	2000
78.31356442530124	2000
78.67894217605503	2000
78.74049773893171	2000
79.28527089668361	2000
79.31666730610722	2000
79.43600368989918	2000
79.54088913118295	2000
79.61870193995792	2000
79.99818567096993	2000
80.16632993504992	2000
80.1680173288164	2000
80.2604925878472	2000
80.45649853577004	2000
81.14334166897186	2000
81.17304264692486	2000
81.7911194126276	2000
81.9494081338317	2000
82.28174116302336	2000
82.36414129421658	2000
82.42014825824879	2000
82.93737038628055	2000
82.97668348935605	2000
83.08428824909656	2000
83.14319031228484	2000
83.47890007786357	2000
83.92144001233389	2000
83.98361786996671	2000
83.99852536498014	2000
84.41019477779166	2000
84.59773052051725	2000
85.72392358674836	2000
85.87301029591055	2000
86.15840919301012	2000
86.34546316239077	2000
87.01408172198906	2000
87.02772714109634	2000
87.22753373676328	2000
87.37298095335713	2000
87.40884474938902	2000
87.46354393850059	2000
87.50782519923953	2000
87.5782522646498	2000
87.75367661056548	2000
87.75597619968205	2000
87.89335899133908	2000
87.99086341256088	2000
88.07843655998424	2000
88.11071034306347	2000
88.15376694329532	2000
88.18657808501852	2000
88.21602813284659	2000
88.54397464501068	2000
88.73283071098487	2000
88.77156513867251	2000
88.93853182635817	2000
89.07247671452805	2000
89.47338870356316	2000
90.00922293347767	2000
90.09539989566206	2000
90.39690510998464	2000
90.80633007271267	2000
91.12928357113643	2000
92.20148487478153	2000
92.31822426680777	2000
92.8888581151851	2000
93.52224647302302	2000
93.52368536188368	2000
93.6970185550551	2000
93.87587562692762	2000
93.8949701229624	2000
94.55260175460097	2000
94.84484958240579	2000
95.36194659677568	2000
95.4541783564812	2000
95.54553472009395	2000
95.76460688072864	2000
95.84705204355429	2000
95.9426111493774	2000
96.20835720988623	2000
96.23534048229237	2000
96.40649496725206	2000
96.85843352673396	2000
97.02904014735397	2000
97.08846635184486	2000
97.26240283304928	2000
97.60313352629589	2000
97.8120494868471	2000
97.8360398168848	2000
98.02796001990576	2000
98.36809549763322	2000
98.52645563073479	2000
98.63196282234756	2000
98.82457128716081	2000
99.07537635311049	2000
99.08535478842586	2000
99.19499174247218	2000
99.23033451054197	2000
99.2784493218949	2000
99.56698668154623	2000
99.56819074669329	2000
99.65706892041395	2000
100.26540396626172	2000
100.60386120004598	2000
101.12857853685666	2000
101.29035496692757	2000
101.54148461705525	2000
101.54735957076439	2000
102.00969641371056	2000
102.37849963763294	2000
102.53355153977546	2000
102.77229452588443	2000
102.99758606562156	2000
103.01980582512806	2000
103.1786520782615	2000
103.36955663880188	2000
103.46467897611855	2000
103.51782572519593	2000
103.64146427100478	2000
103.77573011035189	2000
104.09000198791756	2000
104.20272312555142	2000
104.26205493794446	2000
104.29587534387271	2000
104.40699028699086	2000
104.75056723249264	2000
104.98121901829582	2000
105.18656412443354	2000
105.20084853494677	2000
105.47975347672536	2000
105.84260592890132	2000
105.85982270594512	2000
106.62523967545566	2000
106.76162790617575	2000
106.95587935173035	2000
107.07616369324067	2000
107.15823719693459	2000
107.32381717187862	2000
107.44952126674384	2000
107.88834943828837	2000
108.03443947261498	2000
108.05511935126427	2000
108.81144914872544	2000
109.43396484717378	2000
109.45307192868961	2000
109.73699070470153	2000
110.05800348600862	2000
110.17791388837846	2000
110.27394338747442	2000
110.35840956422292	2000
110.61402917547255	2000
110.63202951041943	2000
110.65273873521447	2000
110.72846009630749	2000
111.09781478605846	2000
111.16511171180694	2000
111.6068622298375	2000
111.90301466209971	2000
111.98411507529794	2000
112.40724623195642	2000
112.41578863860629	2000
112.5537756823633	2000
112.62957535774112	2000
112.72105297679977	2000
112.77871312712585	2000
112.94468011085276	2000
113.00004645744862	2000
113.72076790917434	2000
113.82474022421832	2000
113.84945689522418	2000
114.01871724862524	2000
114.02307933248788	2000
114.16676251609505	2000
114.98713102654123	2000
115.28052239433009	2000
115.36710490940324	2000
115.36992085053471	2000
115.41541945285068	2000
115.68105999693945	2000
116.07093081811317	2000
116.27947794785372	2000
116.69416779330189	2000
116.74514600696816	2000
117.45803132306544	2000
117.6811799050657	2000
117.79662865677682	2000
118.87508748516751	2000
118.88634035071067	2000
118.9814259518593	2000
119.22310588428662	2000
120.07065034400414	0
120.08503028842347	20
120.09210880447847	40
120.16664738186758	60
120.35215154462912	80
120.82641513909378	100
120.89858874148422	120
121.06199848753283	140
121.12952237867394	160
121.41836564372814	180
121.69324503386513	200
122.1272093194613	220
122.13942013693193	240
122.22064079556142	260
122.37491748618454	280
122.9297512576831	300
123.3210841528649	320
123.58597097839464	340
124.18100368721566	360
124.24411419819181	380
124.24638414166887	400
124.27543070464458	420
124.30074951451665	440
124.31882225348376	460
124.44190184576343	480
124.44550351469756	500
124.54863613684934	520
124.55428149863528	540
124.74819616327598	560
124.89010772436383	580
125.24649046230745	600
125.26514598810991	620
125.28579522266853	640
125.33177725745797	660
125.74426289687993	680
125.75171649929014	700
126.01702776433693	720
127.07192030253853	740
127.23015064258345	760
127.74138655957317	780
127.87840126631463	800
128.165178536625	820
128.7277810159993	840
128.74887309309813	860
128.86310637432115	880
129.01712030932202	900
129.07436093149673	920
129.66140026038357	940
129.72762333059111	960
130.16002393322415	980
130.47993081333027	1000
130.63372697802185	1020
130.88422749167557	1040
131.53457459801382	1060
131.70791667515562	1080
131.9497049969058	1100
132.11813402665646	1120
132.14692180866763	1140
132.48971203801636	1160
132.82690517142885	1180
133.016804786298	1200
133.09491969031967	1220
133.1537760683496	1240
133.22402423599306	1260
133.44139504866186	1280
133.95275776973241	1300
134.00050243639672	1320
134.01593675996844	1340
134.1645671503867	1360
134.32584794220864	1380
134.4173600047504	1400
134.424580633011	1420
134.9293518500139	1440
135.60855536228945	1460
135.616001797091	1480
135.92481894200614	1500
135.95541408706643	1520
135.96336395462978	1540
136.37323182871978	1560
136.37453071790478	1580
136.4747478981801	1600
137.11956439721732	1620
137.3308541614574	1640
137.69366593429763	1660
137.72862279688061	1680
138.10576581678222	1700
138.11156181485927	1720
138.1895089622991	1740
138.41501281897942	1760
139.18147475449953	1780
139.4239264001541	1800
139.52696492857123	1820
139.68418117837535	1840
140.14294447035547	1860
140.2292590611421	1880
140.2581806795338	1900
140.47417372806268	1920
141.49180644320603	1940
141.5099223095207	1960
141.52726304681974	1980
141.84626730713345	2000
142.03728108990404	2000
142.2718735168734	2000
142.32460730692193	2000
142.47894474098823	2000
142.4865500703221	2000
142.54654513384466	2000
142.64962927496165	2000
142.8739852996335	2000
142.94101004898076	2000
143.01354060712617	2000
143.12611992056006	2000
143.2176801403657	2000
143.313975359621	2000
143.46885335444318	2000
143.52970268844234	2000
143.84441548981448	2000
144.18172934809695	2000
144.43186714147492	2000
144.657494551789	2000
144.80027384213037	2000
144.8295296203024	2000
145.17048592453918	2000
145.2366496691806	2000
145.53547267870047	2000
145.7608203399781	2000
145.7728741300771	2000
146.23991428496745	2000
146.44302945481735	2000
146.831980331499	2000
147.12336112295915	2000
147.28012027149188	2000
147.480832671592	2000
148.37559617162455	2000
148.44102520456062	2000
148.4429658099734	2000
148.76573111315702	2000
149.00054463313322	2000
149.0297406669174	2000
149.1665628005654	2000
149.38798364123195	2000
149.6342096607048	2000
149.73668644442313	2000
149.7403797291424	2000
150.13867390202518	2000
150.53628214180657	2000
150.96097554522703	2000
151.8448063107446	2000
151.93579646920395	2000
152.1055469351429	2000
152.46888557900877	2000
152.70679378182928	2000
153.1210393016013	2000
153.55061557752265	2000
153.58158062921842	2000
153.7895524230086	2000
153.87506628476913	2000
154.05918046633275	2000
154.0756351554593	2000
154.2165972542352	2000
154.25573073821846	2000
154.7757514850955	2000
155.00582596689222	2000
155.01207771307537	2000
155.13212568509596	2000
155.14026560922463	2000
155.57229220728252	2000
155.6588643942532	2000
156.11164372388686	2000
156.1692783467882	2000
156.72971904568226	2000
157.01888209113102	2000
157.18468861203408	2000
157.6896001012965	2000
157.87674022685715	2000
157.91187102819086	2000
157.99878042250282	2000
158.3208627445879	2000
158.3951330255011	2000
158.45790455921275	2000
158.51152902004475	2000
158.70898788198681	2000
159.06228497779895	2000
159.11036781840127	2000
159.11102364734322	2000
159.37756005149765	2000
159.442795410104	2000
159.6158310337154	2000
159.78442751089958	2000
160.19585454129214	2000
160.27952423935847	2000
160.44889016021727	2000
160.54603332133036	2000
160.75991125616443	2000
160.78991005954896	2000
160.95105544594873	2000
161.09904217905816	2000
161.27154090320482	2000
161.46972860660082	2000
161.94601122649843	2000
161.95890105783246	2000
162.1573339728775	2000
163.3600748742749	2000
163.7134389595955	2000
163.7748382496131	2000
163.8513376796289	2000
163.93557325538595	2000
164.096009658931	2000
164.14373519731475	2000
164.21665437327968	2000
164.22117965545814	2000
164.2605103769815	2000
164.2758107001373	2000
164.6077722853259	2000
165.05881794352058	2000
165.0873604121662	2000
165.37741455654844	2000
165.48550367210154	2000
165.5869364166379	2000
165.60175857436883	2000
165.83004558508267	2000
165.95367271245271	2000
165.96365442800132	2000
166.06126255403498	2000
166.19339635617052	2000
166.5949772839757	2000
166.67332291756853	2000
166.95852456210292	2000
167.0205753591645	2000
167.02915687083765	2000
167.03484187641348	2000
167.09427895173366	2000
167.203717627203	2000
167.63101963952116	2000
167.64896005390426	2000
167.88993676470207	2000
168.0892849961275	2000
168.22810398546721	2000
168.65654301514164	2000
168.88940557833257	2000
168.89754700528508	2000
169.12603949308473	2000
169.26523815487678	2000
169.3468887627832	2000
169.399807783529	2000
169.6322585151676	2000
169.65587675569904	2000
169.81972139936406	2000
170.389664187961	2000
170.5819087631624	2000
171.03887967975865	2000
171.1265397893317	2000
171.212895526881	2000
171.8455349660809	2000
172.0668732539924	2000
172.31931873430378	2000
172.33641996279525	2000
172.3729652737691	2000
172.5134115209784	2000
172.6462932557141	2000
172.64950476761615	2000
172.7218249108796	2000
172.72513118681513	2000
172.74706714512598	2000
172.85003088391034	2000
172.9911278953273	2000
173.15658461647533	2000
173.59232419243028	2000
173.7364938765306	2000
173.77692870509466	2000
174.10771004758928	2000
174.16145611455022	2000
174.56084640127253	2000
174.66499060218604	2000
174.68644968940035	2000
174.75354964100367	2000
174.83218634837925	2000
175.15159322798235	2000
175.6243920001951	2000
175.72684910961468	2000
176.2113331057006	2000
176.2748011979521	2000
176.75214975843335	2000
176.84956836044637	2000
176.94900017296936	2000
177.1325093482744	2000
177.31323627222483	2000
177.3803321446604	2000
177.44831275891724	2000
177.5728142196152	2000
177.68901577898794	2000
177.77815258160902	2000
178.16781039727726	2000
178.42879495072424	2000
178.95464581010563	2000
179.68078667848368	2000
179.83381692216187	2000
180.11982328915056	2000
180.3009372530248	2000
180.32287235456872	2000
180.59778002830888	2000
180.7437837382371	2000
181.15462980938705	2000
181.21084178310284	2000
181.46748849226546	2000
181.5189862784358	2000
181.93705876729888	2000
181.97615325407648	2000
182.01492739181916	2000
182.0713032326438	2000
182.11456569121134	2000
182.12200535657303	2000
182.26165637796797	2000
182.40406276802005	2000
182.7527826435674	2000
182.8259303823573	2000
182.85693347539458	2000
183.0205505596983	2000
183.39673667832832	2000
183.71314759563248	2000
183.76260295957468	2000
184.49241439415252	2000
184.72350983915803	2000
184.90950470651174	2000
185.037571109145	2000
185.1108887442661	2000
185.13185321389204	2000
185.28764680587554	2000
185.3887882490968	2000
185.6312512334627	2000
185.67225153178094	2000
185.76233429440416	2000
185.9486787016446	2000
185.9730718634715	2000
185.99155192087196	2000
186.07607615967763	2000
186.08752005645542	2000
186.15201207256808	2000
186.2306821685179	2000
186.50356183239134	2000
186.5926869691034	2000
186.59291756271838	2000
186.68944598849689	2000
186.78994274421447	2000
187.04286013694946	2000
187.16029508085623	2000
187.21920896891305	2000
187.27285982485574	2000
187.46561230248625	2000
187.54314080952568	2000
187.78369415810823	2000
188.20468447094154	2000
188.2052854760356	2000
188.44974335145707	2000
188.98494292502997	2000
189.25083516692328	2000
189.92353242710044	2000
190.10588724454547	2000
190.3535466527829	2000
190.44606828347557	2000
190.57086677132702	2000
190.84342151724184	2000
190.9738913203705	2000
190.9919379521123	2000
191.19261410752247	2000
191.21297344825174	2000
191.26175061942126	2000
191.4249229558277	2000
191.5160717097705	2000
191.52227413181635	2000
191.59575301964244	2000
191.79087722082687	2000
191.95927078839824	2000
192.05312902828777	2000
193.04749220994333	2000
193.12742116324253	2000
193.22118330696304	2000
193.382358700623	2000
193.65882019731032	2000
193.66992963177032	2000
193.82698938738164	2000
193.85808480629973	2000
193.90374167138634	2000
194.2497337805373	2000
194.41851480260945	2000
194.76108782241593	2000
195.16678875947258	2000
195.1914476068925	2000
195.41090895330402	2000
195.53539913295802	2000
196.0723084561344	2000
196.0803163597709	2000
196.18379376795767	2000
196.24582022047247	2000
196.47352406412418	2000
196.56634412388115	2000
196.65147279071735	2000
196.6883455008181	2000
196.92757753489053	2000
196.9639446560553	2000
196.9875012806706	2000
197.14677964502266	2000
197.18600178194626	2000
197.37020942441058	2000
197.46539907083982	2000
197.9360343881342	2000
198.4161310738823	2000
198.563146273254	2000
198.57540051777968	2000
198.64656588310115	2000
198.72878199425776	2000
198.7962669289621	2000
198.83563870550677	2000
198.92206805263532	2000
199.02880420966886	2000
199.2685812257032	2000
199.38844601581062	2000
199.85624732915298	2000
199.86497555522394	2000
200.30591775255022	2000
200.85186193872732	2000
200.87364727259484	2000
200.97989267507464	2000
201.01456530816148	2000
201.10227654368836	2000
201.14701338741907	2000
201.26054588191082	2000
201.28914084383638	2000
201.2908892077663	2000
201.64967863368258	2000
201.65011894049886	2000
201.71656642185198	2000
201.8738900521062	2000
202.11991871734372	2000
202.3063466446918	2000
202.32365401899605	2000
202.85177941791014	2000
202.86483362139762	2000
202.94030724613756	2000
202.9989457828334	2000
203.38580400314194	2000
203.40749749044437	2000
203.69292288737876	2000
203.74471483675646	2000
203.83568916335884	2000
203.8489803442797	2000
204.00087857395306	2000
204.12712802304316	2000
204.147793944166	2000
204.35937622176678	2000
204.5594575409117	2000
204.6949914718546	2000
204.76257602237274	2000
204.86183391591535	2000
205.04359914127036	2000
205.37489952282888	2000
205.7372704323368	2000
205.8627149723443	2000
206.12363510641975	2000
206.14568797020155	2000
206.24606724423634	2000
206.3614662026641	2000
206.43730453519223	2000
206.44564513560175	2000
206.45082692932885	2000
206.75499919029636	2000
206.88032093516313	2000
206.9807011306788	2000
207.07575774229346	2000
207.38206502235562	2000
207.45393313340483	2000
207.70450120507954	2000
207.73282879570496	2000
207.77349882014414	2000
207.8227821706283	2000
208.31606869324162	2000
208.80792627354737	2000
208.91052248630626	2000
208.94947133485047	2000
208.95156954570587	2000
209.4702200671655	2000
209.69020338167869	2000
209.8858759381501	2000
209.93344026276446	2000
210.01001403943863	2000
210.1330961354693	2000
210.15795967409028	2000
210.42440212230218	2000
210.51362662190533	2000
210.6558842558211	2000
210.79670240922593	2000
211.40028147440995	2000
211.50234848449193	2000
211.51125779132863	2000
211.53751298197375	2000
211.72942030998513	2000
211.8611416661323	2000
212.07363699357379	2000
212.22454782122517	2000
212.3510728171054	2000
212.68691306511417	2000
212.76057954615456	2000
212.99128903872426	2000
213.09860493902454	2000
213.1862929028987	2000
213.45692331168223	2000
213.68908711679518	2000
213.7999120419636	2000
214.06366084012234	2000
214.33219209516807	2000
214.69785405954113	2000
214.8330292839726	2000
215.10575877664058	2000
215.18798548906807	2000
215.5090028544269	2000
215.60763440741286	2000
215.7693265586528	2000
215.8180984404162	2000
216.25012708315052	2000
216.3470969816931	2000
216.44608666907135	2000
216.7247402823071	2000
216.82132298379975	2000
216.88438510118854	2000
216.9999118991123	2000
217.150754358936	2000
217.5007159313049	2000
217.5563560170206	2000
217.59959641738973	2000
217.63469955289685	2000
218.03076533645736	2000
218.48441766100623	2000
218.55010355750093	2000
218.60417392929594	2000
218.71866156616935	2000
218.79455136376006	2000
219.04170227200512	2000
219.18686447403243	2000
219.2098077508332	2000
219.3621990896894	2000
219.56780550368111	2000
219.66230585700785	2000
219.68684216668035	2000
219.7428020324884	2000
219.9414327146069	2000
220.31483400817118	2000
220.43766032727586	2000
220.63706437004743	2000
220.7424247517114	2000
220.75056099102383	2000
221.2078756681124	2000
221.43157051728843	2000
221.88800358204745	2000
221.96248033536298	2000
222.12858676730022	2000
222.19521150060535	2000
222.3994115399279	2000
222.62529548576188	2000
222.71936957062286	2000
222.78409919225996	2000
223.14829021367075	2000
223.1649831053673	2000
223.41001529514952	2000
223.5510150722638	2000
223.6709681307166	2000
223.78883018847796	2000
223.79406664348429	2000
223.84513264307114	2000
223.9080270790913	2000
224.34054099052238	2000
224.59918404885101	2000
224.8979551819357	2000
225.0785156742076	2000
225.23976077499802	2000
225.294407894108	2000
225.3907547248193	2000
225.46910070582655	2000
225.88140525805142	2000
225.9974139295908	2000
226.3446318230454	2000
227.01488613074682	2000
227.0704397189728	2000
227.4028595576886	2000
227.67979981092526	2000
227.71361686667188	2000
227.86757610655323	2000
227.9115179341186	2000
227.96302803525413	2000
228.02242293254517	2000
228.1334957709079	2000
228.2968377960777	2000
228.40521568148964	2000
228.46139665006547	2000
228.8701226158809	2000
228.95931312109377	2000
229.0196608747341	2000
229.16278194717225	2000
229.29807265690584	2000
229.68961252909028	2000
229.82782587428915	2000
229.92609894583873	2000
229.92687325549613	2000
230.33675179766786	2000
230.52376894256227	2000
230.69658022241887	2000
230.699450567357	2000
230.80477891174277	2000
230.81090710225487	2000
230.8654856087333	2000
231.28789331540312	2000
231.56431153257478	2000
231.58365052730386	2000
231.66836652990813	2000
232.0186541178007	2000
232.26401668456333	2000
232.36769452973732	2000
232.3902640244409	2000
232.52384032071848	2000
232.9893274818727	2000
233.3464654696358	2000
233.3871185815126	2000
233.3998002034063	2000
233.49985692071078	2000
233.5438798184466	2000
233.55282871080962	2000
233.95842821181787	2000
233.96370483214082	2000
234.337314933887	2000
234.56762376997096	2000
234.76725215181204	2000
235.02327056479265	2000
235.0566465947779	2000
235.09610357892967	2000
235.12430314592405	2000
235.6498458167172	2000
235.868584203696	2000
236.39846554148883	2000
236.45801823642697	2000
236.50339519581658	2000
236.58937526457476	2000
236.77918845833548	2000
237.07479682283198	2000
237.37955879605244	2000
237.55763759605196	2000
237.58218692802308	2000
237.63949016222915	2000
237.87470650968663	2000
237.93757909610892	2000
238.10484418191825	2000
238.28984939535863	2000
238.83754000890846	2000
238.8749085023295	2000
239.2084339844662	2000
239.34919297262053	2000
240.194639973658	0
240.721666930624	20
240.91051219234708	40
240.9864042969081	60
241.27594365126362	80
241.47526359215843	100
241.54229791140835	120
241.7753836989784	140
242.08784714587713	160
242.14488980192397	180
242.37918010772324	200
242.40212048070921	220
242.48403320228093	240
242.68825272062662	260
243.10443940496066	280
243.2197833442808	300
243.4404563983296	320
243.7385995048894	340
243.92357981305662	360
244.00257714111413	380
244.32674880840904	400
244.34145989796164	420
244.35765059846054	440
244.608842573001	460
244.9046404894705	480
244.95581933308162	500
245.42952020243703	520
245.98062934011048	540
246.1465361012486	560
246.15240191192026	580
246.26585246978632	600
246.3324670879864	620
246.43444747291187	640
246.57897546477557	660
246.59232613805415	680
246.63734644967195	700
246.66815083938405	720
246.92013864234343	740
247.1675620762726	760
247.4471698508556	780
247.5762359975208	800
247.70000891235767	820
248.20440575134268	840
248.32402885628883	860
248.33213699118437	880
248.51817165191525	900
248.6775087113665	920
249.4281306234995	940
249.712763473127	960
249.75339192434538	980
249.87628457564307	1000
249.95586464542663	1020
250.0306497057478	1040
250.42812994198758	1060
250.54510368688196	1080
250.54901235465348	1100
250.7936629156394	1120
250.80134569936934	1140
251.14842961113047	1160
251.50376785405643	1180
251.7407565293445	1200
251.75384607694593	1220
252.26640504315944	1240
253.01222537408387	1260
253.30081527086415	1280
253.34947110403635	1300
253.368734031138	1320
253.37023307958972	1340
253.6286147537265	1360
253.71304098202341	1380
253.7832033363352	1400
253.88073807420878	1420
254.09705406459202	1440
254.3289147337713	1460
254.54370361854265	1480
254.6992145054923	1500
255.0833279029256	1520
255.253623140735	1540
255.39688784097333	1560
255.40501052790162	1580
255.5621944041478	1600
255.65065698159825	1620
255.91233018385915	1640
255.95045050226858	1660
256.228088702763	1680
256.34966597743016	1700
256.52238103005544	1720
256.65153354082884	1740
256.77595472960286	1760
256.87215915368995	1780
256.8790503042324	1800
257.2503942960172	1820
257.265352832657	1840
257.3042824191229	1860
257.3353163722151	1880
257.42745056072954	1900
257.59618348843827	1920
257.74573828783844	1940
257.7582753364107	1960
257.77436931068183	1980
257.83943511232684	2000
257.84506461802476	2000
258.08685380214644	2000
258.40624998663566	2000
258.5014092836034	2000
258.6891076953547	2000
258.7701423363622	2000
258.77794853105866	2000
258.95082062023135	2000
259.7953919539347	2000
259.8789407771323	2000
259.936571682656	2000
260.0148801978742	2000
260.025702822537	2000
260.2804263881706	2000
260.28785035743124	2000
260.3215417414118	2000
260.3764879939545	2000
260.56005374894363	2000
260.6118273124238	2000
260.6213308947214	2000
261.0761400368889	2000
261.12564366692743	2000
261.1795239558638	2000
261.2864989243792	2000
261.30349298655136	2000
261.7842548720871	2000
262.2615186785824	2000
262.39957037451785	2000
262.456776349207	2000
262.51118473406524	2000
262.58446994764114	2000
263.03732592973694	2000
263.37897369349565	2000
263.42002720721524	2000
263.4813117262854	2000
263.5057815728604	2000
263.9449642894307	2000
264.04927298289533	2000
264.14327347101363	2000
264.44673058766915	2000
264.6623501943132	2000
264.70091649552324	2000
264.7048560336371	2000
264.8267293993144	2000
264.840197087502	2000
265.03515951336925	2000
265.14304444154016	2000
265.15792655014855	2000
265.322095192645	2000
265.43457323578343	2000
265.75704520704096	2000
265.9599827477526	2000
266.0732849418443	2000
266.32686646836083	2000
266.34996288386213	2000
266.72057931409563	2000
266.73398245392286	2000
267.2259326047275	2000
267.39958829022305	2000
267.4061605005144	2000
267.66025331616873	2000
267.7897978928862	2000
267.9920708700557	2000
268.19763458547817	2000
268.4568438866974	2000
268.4795286851146	2000
268.72042117967123	2000
268.72903165436475	2000
269.05385940741394	2000
269.1519317801145	2000
269.3695545426558	2000
269.55694603328544	2000
269.8509515190689	2000
270.1343751499339	2000
270.21841662968285	2000
270.4994775698957	2000
270.6202373875854	2000
270.70184981217733	2000
270.9536574250458	2000
270.9851366885287	2000
271.4415826949077	2000
271.66000787259776	2000
271.80154588364275	2000
272.0411890475753	2000
272.5510808915981	2000
272.6848212954982	2000
272.7606901601272	2000
272.97006639823053	2000
273.1865353752819	2000
273.33634644121815	2000
273.7437546308181	2000
273.9429117003077	2000
274.63463581211755	2000
274.72202613078264	2000
274.7511407382029	2000
274.8758128633286	2000
275.2090327135501	2000
275.3387383104658	2000
275.774476265572	2000
275.7886591362842	2000
275.8805297352982	2000
275.9747719683709	2000
276.37759595200083	2000
276.44135523403406	2000
276.4893421573123	2000
276.8198923656625	2000
276.8986187429786	2000
277.15277243544335	2000
277.1977678207402	2000
277.31221852692835	2000
277.3603043563416	2000
277.441951049593	2000
277.4648707968792	2000
277.4929641237259	2000
277.6909734244398	2000
277.71838019147833	2000
277.85875106147137	2000
277.91371591210293	2000
277.9634864592871	2000
278.3523127875232	2000
278.4454174646479	2000
278.5114961912552	2000
278.73092753251507	2000
278.77697733348054	2000
279.50030657993113	2000
279.80456798658986	2000
279.93480709288207	2000
280.2148453127486	2000
280.2436758232066	2000
280.5928899757553	2000
280.62508260947857	2000
281.1616219524534	2000
281.3922414498999	2000
281.4290882910842	2000
281.47577631974053	2000
281.77420919125905	2000
282.4069835767966	2000
282.43295289931103	2000
282.5585454178769	2000
283.3623931125839	2000
283.60609604142047	2000
283.77598218023456	2000
283.99902310125594	2000
284.20829939470167	2000
284.2256738802876	2000
284.243368519597	2000
284.30835593199436	2000
284.54887720356896	2000
284.81596569952944	2000
284.8863004389943	2000
285.46924407878737	2000
286.1606417263927	2000
286.2302016517918	2000
286.2661128412545	2000
286.5001700750796	2000
286.5360970185701	2000
286.6991031794162	2000
287.5071841674292	2000
288.21694440001716	2000
288.339897664539	2000
288.45166036655115	2000
288.48167163747905	2000
288.56428371099474	2000
288.62773643020824	2000
288.92592139924767	2000
289.0026879002794	2000
289.1749026620283	2000
289.2121004621103	2000
289.43781039858453	2000
289.6223851881603	2000
289.7371181152984	2000
290.25333845705916	2000
290.9276591242612	2000
290.9401594499661	2000
290.965830836311	2000
291.15525796389863	2000
291.1880680129783	2000
291.33785572568985	2000
291.46427179808575	2000
291.7836670572615	2000
292.8151398402604	2000
293.5884241267726	2000
293.69256406201634	2000
293.73233764662876	2000
293.8247413649528	2000
294.0119901394667	2000
294.4732744930582	2000
294.511974928316	2000
294.5294579627379	2000
294.54199356039993	2000
294.8140309773727	2000
294.84392576811496	2000
295.0362441816113	2000
295.3607495641818	2000
295.4680056719519	2000
295.5071617793376	2000
295.8323997914642	2000
296.0771702120116	2000
296.7147735533897	2000
296.94962729396934	2000
297.6746087417867	2000
297.9856695786929	2000
298.0445533554924	2000
298.5191840346531	2000
298.58151324534026	2000
298.91304655876394	2000
298.97686191029396	2000
299.130880458559	2000
299.34862402743505	2000
299.39439258060537	2000
299.4036807360345	2000
299.57224539746574	2000
299.9740184951351	2000
300.331676643195	2000
300.72821982754203	2000
300.89232679975663	2000
301.1609811117961	2000
301.2208526690937	2000
301.35712674210004	2000
301.57615839140004	2000
301.89671939946777	2000
301.9772617682436	2000
301.98598485766377	2000
302.2474992080046	2000
302.35556808978623	2000
302.41826878048204	2000
302.4724086526186	2000
302.7083511093099	2000
303.32339031002454	2000
303.64444089328595	2000
303.68589974962026	2000
303.7920812329537	2000
303.9604563897436	2000
304.2068324000736	2000
304.55902708932314	2000
304.60781312751743	2000
305.35244201890765	2000
305.55735838745437	2000
305.6409924684828	2000
305.6905654281017	2000
306.25037531895447	2000
306.3941766698066	2000
306.53999977193143	2000
307.19399594885994	2000
307.2317624612408	2000
307.3607018519601	2000
307.4200992108606	2000
307.4202964191317	2000
307.4759217649133	2000
307.4816442975968	2000
307.5435497799359	2000
307.92458545176663	2000
307.95070707962134	2000
308.0051298676467	2000
308.04479707688097	2000
308.55270182988244	2000
308.8082391957672	2000
308.86096645291445	2000
308.9110048968752	2000
309.0184466415688	2000
309.03265958744316	2000
309.324909585986	2000
309.43000400526256	2000
309.53487489091987	2000
309.8249235124775	2000
310.3007335980018	2000
310.33935588199375	2000
310.5078761908725	2000
310.6080093901493	2000
310.8810638668178	2000
311.42621908892454	2000
311.60235367560995	2000
311.7403613077614	2000
312.2504865000641	2000
312.6168171810542	2000
312.73831645882774	2000
312.77035340192276	2000
312.8078086400435	2000
312.9110745958654	2000
312.96993220712494	2000
313.26094219317724	2000
313.4744045665626	2000
313.58736099866707	2000
314.13502031212636	2000
314.16291245154935	2000
314.2765865596708	2000
314.4966009067317	2000
314.91075260773067	2000
314.97347583897965	2000
315.1559445004193	2000
315.4548860557325	2000
315.82399903948885	2000
316.08753911459064	2000
316.136698515498	2000
316.1766518565142	2000
316.2528936681702	2000
316.29690341009336	2000
316.7333031013853	2000
316.7967141145445	2000
316.9524236838209	2000
317.3631606523601	2000
317.6554879838149	2000
317.69346291662447	2000
317.8651673419267	2000
317.9568737454196	2000
318.1194171896651	2000
318.1654666030733	2000
318.4206495275339	2000
318.470882650964	2000
318.5763292130794	2000
318.72077565309746	2000
318.9771015936325	2000
319.91106494272844	2000
320.1151535263623	2000
320.1718965506614	2000
320.60530486609775	2000
320.62608167485394	2000
320.80793244345136	2000
321.04977300071863	2000
321.1296195193183	2000
321.1858281667111	2000
321.3195029346737	2000
321.47747164020643	2000
321.6953368518851	2000
321.7500808846471	2000
322.6164867604277	2000
322.68557251657995	2000
322.69643787222014	2000
322.7401467947927	2000
322.8391882361808	2000
322.9425259513727	2000
322.9756409240289	2000
323.41947158348063	2000
323.8597734765286	2000
324.055414074527	2000
324.12249068161333	2000
324.62329239041446	2000
324.62593923134415	2000
324.84726894380935	2000
325.09611758233365	2000
325.15047783324076	2000
325.18492159208336	2000
325.74727370078443	2000
325.7875821422082	2000
326.1670731537861	2000
326.2763201428981	2000
326.3622291623008	2000
326.4988121472874	2000
326.5003060242751	2000
326.72545203301985	2000
326.8741001271803	2000
326.99980187422125	2000
327.4592050835099	2000
327.8226957099857	2000
327.918757432803	2000
328.02317432063165	2000
328.0353795267348	2000
328.0938568795254	2000
328.18624643415524	2000
328.19896099373074	2000
328.277172541296	2000
328.39509958394024	2000
328.50211159310624	2000
328.88757021850597	2000
328.8929168102817	2000
329.279847216558	2000
329.3129682933354	2000
329.33229915724945	2000
329.6029061075262	2000
329.66336752999115	2000
329.8431050980639	2000
330.2135237535215	2000
330.28587466171007	2000
330.32325606062534	2000
330.3242439990339	2000
330.4311434323774	2000
331.04795452164007	2000
331.15952539971613	2000
331.29634376670407	2000
331.3833459594313	2000
331.3894927130186	2000
331.4131212635521	2000
331.4750233925935	2000
331.5691224678777	2000
331.8921736565144	2000
332.05300851084513	2000
332.242645208751	2000
332.3463898012223	2000
332.3834357655497	2000
332.52577314677234	2000
332.85022981261943	2000
333.3379533553174	2000
333.473635812251	2000
333.5493042142756	2000
333.6663551486426	2000
333.8192938459889	2000
334.0506042151378	2000
334.25188707660476	2000
334.2826609796892	2000
334.3122027815465	2000
334.6748124396343	2000
334.68262516361233	2000
334.72224595959653	2000
334.81523011378846	2000
335.0230562042547	2000
335.25383168496637	2000
335.2566730753828	2000
335.30288727657404	2000
335.4110590245845	2000
335.8967410171619	2000
336.0491151957956	2000
336.25052603403736	2000
336.64585772026976	2000
336.67670062819747	2000
336.74749272449225	2000
336.9776388322218	2000
337.05256927654153	2000
337.2267989754665	2000
337.27564075384794	2000
337.3251349213738	2000
337.3805276874976	2000
337.54741588440015	2000
337.66328026647284	2000
337.6696333985977	2000
337.68342108540037	2000
337.82060968620664	2000
337.8538434766721	2000
337.8618409682593	2000
337.95072302429077	2000
338.18346135172004	2000
339.34434308104414	2000
339.3616839530993	2000
339.397807156602	2000
339.45109419539375	2000
339.50143076962894	2000
339.6852976836229	2000
339.84383628114136	2000
340.2222454929926	2000
340.5509510770779	2000
340.6538718668943	2000
340.74092074686746	2000
340.7875443477261	2000
341.19559129374767	2000
341.4644213950499	2000
341.5261134883533	2000
341.66447246647874	2000
342.2683064815029	2000
342.51931261800337	2000
342.78393780973465	2000
343.45756369569483	2000
343.53732841736115	2000
343.91519369364084	2000
344.00083803647084	2000
344.2625509926039	2000
344.27181046224456	2000
344.7346412339131	2000
344.77762462823176	2000
344.8464801981681	2000
345.0021695555569	2000
345.0235529285529	2000
345.18843732018917	2000
345.19136818091306	2000
345.729174706998	2000
345.910766888538	2000
346.2171742684704	2000
346.271946283285	2000
346.77042901543825	2000
346.7780298216485	2000
346.8145909657561	2000
346.9036497731027	2000
346.97950415624916	2000
346.99158258521766	2000
347.13878733838914	2000
347.1863419309788	2000
347.56146989121055	2000
347.66550787033003	2000
347.7028207436811	2000
348.5111008779123	2000
348.88421562025314	2000
349.1930652785583	2000
349.220798390293	2000
349.7164819306181	2000
350.23129423428765	2000
350.26829153461017	2000
350.5540645860552	2000
351.135374837928	2000
351.1366631456431	2000
351.4224432717809	2000
351.44295516412905	2000
351.6783676424039	2000
352.14751909168655	2000
352.25622867651606	2000
352.2612559656386	2000
352.3276633571578	2000
352.3395969375612	2000
352.5788164887788	2000
352.6475734336407	2000
352.7800701592052	2000
352.83506297875766	2000
353.03946472106037	2000
353.10541445729183	2000
353.408873106826	2000
353.75966101485153	2000
353.77398162820504	2000
353.9815903905336	2000
354.089904138957	2000
354.1287200244255	2000
354.3259514939997	2000
354.64729222782836	2000
355.33780853430034	2000
355.56542913135576	2000
355.5720293244551	2000
355.77459897663056	2000
355.77464740893345	2000
355.8689542121893	2000
355.88881161266363	2000
355.97378482086253	2000
355.99248140247676	2000
356.3353337949701	2000
356.48167457115574	2000
356.61225134281943	2000
356.81778482015324	2000
356.8288544110184	2000
357.45413158987526	2000
357.5695009296915	2000
357.7371294933729	2000
358.4164013980416	2000
358.4380206858362	2000
359.3252973298806	2000
359.339483488074	2000
359.3973438575822	2000
359.54178948191725	2000
359.76021189361455	2000
359.85418626955527	2000
359.92424492961635	2000
360.20299183197164	0
360.37827516981645	20
360.4250194649433	40
361.3836469898189	60
361.43718105774866	80
361.6222264913458	100
361.6454990637923	120
362.2942043091587	140
362.5334613002981	160
362.5736959240578	180
362.6276029330764	200
363.9844505929298	220
364.6879907611762	240
364.9533217254553	260
365.07801190219885	280
365.12417943755577	300
365.44513426087485	320
365.4821058457301	340
365.48612050072995	360
365.6143855941862	380
365.76208575887836	400
366.0577098126468	420
366.07090642552123	440
366.32221563857854	460
366.39592206126997	480
366.4379057268335	500
366.57432534710597	520
366.70268248218133	540
367.1364333086886	560
368.04074292711647	580
368.115142876106	600
368.17635646684994	620
368.28200835022494	640
368.61591823332674	660
368.794673612337	680
369.0084563174327	700
369.03814842228917	720
369.1630016081698	740
369.53362459199195	760
369.7342596240352	780
370.16832717357534	800
370.2469668193875	820
370.4834101938095	840
370.6920110011856	860
370.76737656470044	880
370.79382619081275	900
370.9241589040096	920
371.49267409223603	940
371.5531768419835	960
371.9946563897552	980
372.0686583001215	1000
372.14382109429977	1020
372.3764283407315	1040
372.39473857328477	1060
372.77599084125745	1080
372.83005600416755	1100
372.8918365126988	1120
373.02093899115704	1140
373.3991622757995	1160
373.75831412579856	1180
373.99618036525123	1200
374.84380272660877	1220
374.8825645706351	1240
375.03079159023207	1260
375.1585705395734	1280
375.43089836059744	1300
375.64010971243823	1320
376.03431021576773	1340
376.26322044142756	1360
376.4907205994459	1380
376.7176444705503	1400
376.89047035409055	1420
376.9400872549622	1440
376.941637563985	1460
376.9687478874858	1480
377.3566602962035	1500
377.40048229606384	1520
377.5683276939437	1540
377.7857974175474	1560
377.91225355609254	1580
377.9515001869409	1600
377.9827737277765	1620
377.98724777331955	1640
378.14456638864107	1660
378.46953772255154	1680
378.5826701454637	1700
378.8148994125371	1720
378.8653696972496	1740
378.93194396443073	1760
379.02924861677076	1780
379.118123180113	1800
379.1442781597886	1820
379.22944614999585	1840
379.5393688559666	1860
379.6810772209429	1880
379.7517202202276	1900
379.9539195238584	1920
380.24358943742794	1940
380.38874551574435	1960
380.97351303300616	1980
380.99611247052655	2000
381.2974383652664	2000
381.55000792273296	2000
381.8760136036187	2000
382.1769529553518	2000
382.3185277675239	2000
382.64569055252053	2000
382.6772415349389	2000
382.82985570349	2000
383.08375562454853	2000
383.09057530158475	2000
383.1205283809827	2000
383.7282582625805	2000
383.9604927313237	2000
384.1742723664951	2000
384.21267730406674	2000
384.2845458993908	2000
384.56121894839026	2000
384.60859177402716	2000
384.61764886646955	2000
384.74932277277236	2000
384.766648420748	2000
384.9059034854238	2000
384.98652505220224	2000
385.0945971366579	2000
385.69152309259636	2000
387.0557479924139	2000
387.07655720291433	2000
387.1545173327152	2000
387.20865174968077	2000
387.5759759583667	2000
387.6754258749769	2000
388.1715693165995	2000
388.2611154883153	2000
388.39364709639034	2000
388.6318108980181	2000
389.4766299045865	2000
389.6033448291347	2000
389.60935438778	2000
389.8032005088146	2000
389.9714309118903	2000
390.1693886957961	2000
390.4259705295339	2000
390.5337744997428	2000
390.6039578179426	2000
391.42541738643354	2000
391.64170793296597	2000
391.86019346121236	2000
392.13978335621385	2000
392.1937608046732	2000
392.2045139991533	2000
393.13407384445	2000
393.23663765796965	2000
393.25773560547174	2000
393.4290893157365	2000
393.4383714578292	2000
393.45842786705447	2000
393.48520888828006	2000
393.6165860708355	2000
393.8014575825174	2000
394.1621496911855	2000
394.2434715417591	2000
394.87815256515563	2000
395.0504160259378	2000
395.2368618960449	2000
395.56228706322185	2000
395.7450473898759	2000
395.87842650183387	2000
395.98419412266776	2000
396.05711012194433	2000
396.0575416014267	2000
396.1998818027698	2000
396.2162452450541	2000
396.3119779149159	2000
396.4556440263436	2000
396.46619871941107	2000
396.9422398032388	2000
397.030324611066	2000
397.0778703391077	2000
397.10669484116164	2000
397.5718562885536	2000
397.75544671787395	2000
398.10039731456664	2000
398.2813677164865	2000
398.46276928199364	2000
398.5569119614252	2000
398.76427035470044	2000
398.91538687611524	2000
399.17222793152774	2000
399.5489744371447	2000
400.0581254448828	2000
400.3133364542125	2000
400.37879552066573	2000
400.839665930759	2000
400.8561378218167	2000
401.35139133819473	2000
401.5804664765233	2000
401.910438322803	2000
402.23454310995044	2000
402.32507429618573	2000
403.04628281372896	2000
403.0609481484225	2000
403.73597351991634	2000
403.8341570218146	2000
404.0250953390374	2000
404.2679101262683	2000
404.37796585145725	2000
404.48296974657785	2000
404.5328359518387	2000
404.55590042583884	2000
404.6135314378991	2000
404.64114593275485	2000
404.65505088064504	2000
404.7625758558686	2000
405.09723343087967	2000
405.1035175312482	2000
405.17907180468467	2000
405.4769433288506	2000
405.53266856842885	2000
405.6386362078195	2000
405.74776797039414	2000
405.87254478263185	2000
406.2679575539863	2000
406.28773892089555	2000
406.4045351901095	2000
406.5196452034462	2000
406.9372216781564	2000
407.2631396499939	2000
407.33708767476776	2000
407.4830031950974	2000
407.74617313726606	2000
407.8707579712929	2000
408.38984523262116	2000
408.65678292810605	2000
408.7854623064052	2000
408.8064276300335	2000
408.8265101098688	2000
409.030759202553	2000
409.0709958779041	2000
409.5006388000074	2000
409.52962229584455	2000
409.96831747781306	2000
410.0170046979731	2000
410.1227110201145	2000
410.28116794392423	2000
410.82349321130647	2000
410.9024035720506	2000
411.01968888067995	2000
411.12122959620507	2000
411.34108696609866	2000
411.4190612729153	2000
411.5310516377714	2000
411.5559899972395	2000
411.6152633847724	2000
411.65700643254445	2000
411.69804993448645	2000
411.7477334867953	2000
412.0228100543141	2000
412.1234869365529	2000
412.23340138229656	2000
412.49729337877125	2000
412.54040404168035	2000
412.5931575361657	2000
412.6657443790897	2000
412.6772668442929	2000
412.6933157815166	2000
412.9301493914658	2000
413.4153309846268	2000
413.53432890985096	2000
413.7047874062076	2000
413.79205530925657	2000
414.3762502575061	2000
414.94208399709584	2000
415.39889123753966	2000
415.725425281189	2000
415.79297101457377	2000
415.9593978861087	2000
415.9843403506208	2000
416.0071721045607	2000
416.5164008069982	2000
416.9771692445825	2000
416.9894364461094	2000
417.00454727496117	2000
417.28035294162237	2000
417.3499856531759	2000
417.5411067862967	2000
417.59048111527403	2000
417.7461618837936	2000
418.07716344977894	2000
418.68725539434945	2000
418.71525939230986	2000
419.4296898940786	2000
419.5766411869312	2000
419.81737726226146	2000
420.6737316980144	2000
420.7460731850272	2000
420.92979383276116	2000
420.9460785196885	2000
421.15341799379087	2000
421.1703666718268	2000
421.2411463182949	2000
421.25805197264555	2000
421.32766428151	2000
421.38365843532443	2000
421.4524496657098	2000
421.5134375359693	2000
421.5462764679735	2000
421.59030231303836	2000
421.6018275955296	2000
421.6719374460524	2000
422.29627189743707	2000
422.47646363931676	2000
422.8274731625795	2000
423.04405882418763	2000
423.18135561135756	2000
423.2705903986218	2000
423.30992794315193	2000
423.63585720479267	2000
423.75303842699094	2000
424.23904116244404	2000
424.2498780857608	2000
424.5056316569815	2000
424.61562199343655	2000
424.820415963153	2000
424.8380971175878	2000
425.489606974307	2000
425.5047956169938	2000
425.5439600784061	2000
425.68592804003924	2000
426.35494823519275	2000
426.54410351916715	2000
426.5520038278467	2000
426.71414125115007	2000
427.0522462560157	2000
427.08217270701164	2000
427.26525679281383	2000
427.6363980550503	2000
427.82586063996575	2000
427.93251497581105	2000
428.02516870710383	2000
428.312936797781	2000
428.4749689971189	2000
428.5336708898444	2000
429.47969119464443	2000
429.646210937442	2000
429.9397742278965	2000
430.17287470262187	2000
430.2450388732011	2000
430.7530458270021	2000
430.75903020449505	2000
431.03291599403997	2000
431.3225312518343	2000
431.46051179665795	2000
431.49133923285467	2000
431.67904015662634	2000
431.8078672726606	2000
432.05628843661594	2000
432.5016123396839	2000
432.8421222721629	2000
432.8825324894872	2000
433.1896293809394	2000
433.5770462439856	2000
433.6020559371051	2000
433.64723456627377	2000
434.5729157661937	2000
434.97416093964654	2000
435.04274794633966	2000
435.1589726024389	2000
435.20794415146486	2000
435.2199986790843	2000
435.3425103063534	2000
435.61343608404763	2000
435.71917050927823	2000
435.8690205006897	2000
435.8786973007657	2000
436.06751865430243	2000
436.10419129627826	2000
436.6714264253498	2000
436.79547605519866	2000
436.86789967041653	2000
436.9486746651358	2000
436.95058239579424	2000
437.3193566680645	2000
437.5569755747862	2000
437.73218754266037	2000
437.7650692951859	2000
437.8518587431657	2000
437.87407062009896	2000
437.9784911041429	2000
438.0024055325708	2000
438.40615221998473	2000
438.4881005971527	2000
438.7182209156329	2000
438.73440096747504	2000
438.7876189561137	2000
438.9894390995846	2000
439.2115432246978	2000
439.82066256391624	2000
440.1251847180447	2000
440.2647998732601	2000
440.3278356456275	2000
440.33287412122627	2000
440.3379595035386	2000
440.49450091159053	2000
440.49538942426335	2000
440.49700039945265	2000
440.55125084178474	2000
440.66665999058307	2000
440.7383397358124	2000
440.7537334350849	2000
440.9194307248341	2000
441.82378190818474	2000
441.8787107042595	2000
442.6916243272279	2000
442.8627822278235	2000
443.2548537001552	2000
443.571272656981	2000
443.8469028754236	2000
443.85918223363626	2000
443.9988482957832	2000
444.11253577552657	2000
444.30704267008036	2000
444.31501019703046	2000
444.56338936621285	2000
444.8682834886632	2000
445.2569374474478	2000
445.33631401714547	2000
445.41880278126075	2000
445.94532765164064	2000
446.4550926899231	2000
446.5175786133989	2000
447.0845430951336	2000
447.6189370971129	2000
447.704415295569	2000
448.2573536893093	2000
448.3011412493711	2000
448.43305759920054	2000
448.8760222875437	2000
449.04845539702757	2000
449.3273266504158	2000
449.35762252695173	2000
449.5012647163693	2000
449.58342569439736	2000
449.8743422661225	2000
450.53623120237904	2000
450.5406651326924	2000
450.54957925778393	2000
450.66900541605435	2000
450.81013458116354	2000
450.8295443233919	2000
451.9169363538145	2000
452.0631180957049	2000
452.23283930488856	2000
452.7231241788881	2000
453.08046295350556	2000
453.10521917571094	2000
454.2900429100966	2000
454.4035438571929	2000
455.1604233859456	2000
455.20767057960387	2000
455.4124661392767	2000
455.49593441561933	2000
455.5260686006074	2000
455.7113764900433	2000
455.80956688111104	2000
456.61610161260023	2000
456.70290143406453	2000
456.747150065029	2000
456.8377668228192	2000
457.43885895378213	2000
457.8645468989695	2000
457.8666818948254	2000
458.27315557657187	2000
458.466532036155	2000
458.99353931445927	2000
459.14914569953754	2000
459.42231159657655	2000
459.69224329111444	2000
460.187906353392	2000
460.2983375451907	2000
460.6236774586155	2000
460.6814504799907	2000
461.413613531164	2000
461.793978296427	2000
461.9960486758899	2000
462.4205923226652	2000
462.53807671288985	2000
462.56837510042817	2000
462.7052491421411	2000
462.8048525318746	2000
462.8281910940745	2000
462.83887869960654	2000
463.00325717121393	2000
463.14741092831713	2000
463.70726437777313	2000
463.84785517043167	2000
464.2456642233931	2000
464.4522927786546	2000
464.57677666973717	2000
464.6288331349054	2000
464.832555697769	2000
464.93122007601914	2000
464.9976594588997	2000
465.2604474783558	2000
465.3423214200012	2000
465.3699751967502	2000
465.4838303667247	2000
466.3519107195033	2000
466.3682675498866	2000
466.3689972633781	2000
466.4219641420961	2000
466.43425488274374	2000
466.85297793633305	2000
466.87041748153865	2000
467.11962309386513	2000
467.4854465820983	2000
467.5381828476092	2000
467.53878997595285	2000
467.61045091406424	2000
467.80338611334224	2000
467.92282936381116	2000
467.9621373815409	2000
467.9782587733452	2000
468.1493205017018	2000
468.3532839327193	2000
468.39550549054934	2000
468.4640066394031	2000
468.47790326685555	2000
468.7194763222033	2000
468.79147076720363	2000
469.0943882667112	2000
469.2746703227938	2000
469.3378145329674	2000
469.3550369369669	2000
469.4629007684353	2000
469.679352783733	2000
470.027549838109	2000
470.0913501683264	2000
470.36669359800845	2000
470.55425814926383	2000
470.57054687822006	2000
470.7694326360544	2000
470.85098042777986	2000
471.09282245448065	2000
471.3230339996031	2000
471.5740529462119	2000
472.01678653124895	2000
472.2914847401156	2000
472.30988787354437	2000
472.4227843370384	2000
472.62679414824913	2000
472.83125491615715	2000
472.95651397838174	2000
472.95951343175415	2000
472.98942586706374	2000
473.39622906083287	2000
473.87983421422933	2000
473.8895118382925	2000
473.92285869081434	2000
473.9474465175234	2000
474.1439584573304	2000
474.1893700929797	2000
474.3668326575283	2000
474.45688918122346	2000
474.48830874788297	2000
474.58487063298116	2000
474.6146844948695	2000
475.0243954174971	2000
475.08057190660793	2000
475.1601131103824	2000
475.3839489758581	2000
475.69389985877007	2000
475.8962128782305	2000
475.98343097658017	2000
476.09238611822076	2000
476.24139702204695	2000
476.5252051712685	2000
476.9556854866655	2000
476.9625010154722	2000
477.0313417848891	2000
477.1433976685979	2000
477.8168449853211	2000
477.93815631549256	2000
478.06087743464616	2000
478.19345145362826	2000
478.25140330210854	2000
478.3117845782802	2000
478.59241006428414	2000
478.7421363172889	2000
478.7636317364482	2000
478.8627030442034	2000
479.88910958790035	2000
479.93449687100764	2000
480.0869373058595	0
480.39055777209626	20
480.3951489591755	40
481.0180758017348	60
481.1588313627657	80
481.4339231778444	100
481.7183652377984	120
481.7289636990581	140
482.1579068954452	160
482.25172214299226	180
482.4656521618093	200
482.5167908603889	220
482.65254941391174	240
482.66349688979733	260
482.7096596958364	280
482.7428184062505	300
482.9324771666801	320
483.1217440334015	340
483.184779260377	360
483.2726823889656	380
483.39313342874334	400
484.0013261909369	420
484.0141278567037	440
484.0596600119179	460
484.09249815291577	480
484.17003470074314	500
484.3438672984369	520
484.42691495541277	540
484.45833868693137	560
484.48467715972276	580
484.5273507976176	600
484.56085460645545	620
484.5926849777181	640
484.6011710079539	660
484.6049402368519	680
484.67947986791745	700
484.7888327495193	720
484.8238722482858	740
485.4010857281333	760
485.62703513498826	780
486.2136327892727	800
486.6208887658655	820
486.71958607684303	840
486.73875914066633	860
486.91772505471437	880
487.11667858391314	900
487.47246704297686	920
487.5985875884648	940
488.7163744388669	960
489.190020681529	980
489.3033967113518	1000
489.470080044498	1020
489.51082950888906	1040
489.6163113371064	1060
489.78419434864645	1080
490.03899351194315	1100
490.5925690215916	1120
490.6228443055563	1140
490.7863351524739	1160
491.1597933496781	1180
491.40887241686727	1200
491.43607435876197	1220
491.6998689810105	1240
491.7085019713524	1260
492.1004646319011	1280
492.1547601883192	1300
492.17854506741287	1320
492.39838908302056	1340
492.42187597993023	1360
492.7032671349632	1380
492.8519531295961	1400
493.1507616839901	1420
493.1722007402533	1440
493.5733415670172	1460
493.71888624166905	1480
494.2094147682117	1500
494.3072674762919	1520
494.5216232203213	1540
494.74506995605464	1560
494.85611376690605	1580
495.0383130216239	1600
495.11313186903715	1620
495.4229103539639	1640
495.6457452797017	1660
495.7620358332815	1680
495.8553584875881	1700
496.03194216680396	1720
496.1483408787042	1740
496.4610074977341	1760
496.9455065018448	1780
497.02429175824614	1800
497.16309179015354	1820
497.50491864570137	1840
497.77377557733865	1860
498.56776501883274	1880
498.7078355796645	1900
498.73788514294404	1920
499.0799607698312	1940
499.1461299220976	1960
499.23035557768725	1980
499.32692337210574	2000
499.6135021817748	2000
499.68616409077356	2000
499.95778031533274	2000
499.96322211658503	2000
500.09047833342646	2000
